0 0.317187 0.287500 0.093750 0.158333
0 0.532812 0.361806 0.103125 0.181944
0 0.536719 0.250000 0.064062 0.111111
0 0.646484 0.353472 0.092969 0.176389
0 0.854297 0.338194 0.063281 0.120833
0 0.942969 0.324306 0.051562 0.095833
0 0.871875 0.563889 0.168750 0.294444
0 0.973437 0.345833 0.053125 0.097222
0 0.526953 0.733333 0.264844 0.469444
0 0.121484 0.371528 0.146094 0.262500
0 0.228125 0.602778 0.253125 0.402778
0 0.852734 0.244444 0.024219 0.050000
0 0.949609 0.273611 0.030469 0.050000
0 0.189844 0.798611 0.367188 0.402778
