0 0.156250 0.484028 0.182812 0.306944
0 0.429297 0.603472 0.197656 0.362500
0 0.598047 0.581250 0.178906 0.326389
0 0.898438 0.643750 0.203125 0.376389
0 0.482422 0.161806 0.069531 0.112500
0 0.598047 0.059028 0.032031 0.051389
0 0.678516 0.076389 0.032031 0.058333
0 0.695312 0.174306 0.067188 0.095833
0 0.618359 0.142361 0.066406 0.126389
0 0.185156 0.121528 0.053125 0.093056
0 0.160547 0.247917 0.102344 0.168056
0 0.069141 0.250694 0.102344 0.184722
0 0.146484 0.046528 0.036719 0.065278
0 0.020312 0.290278 0.040625 0.180556
