0 0.193359 0.128472 0.069531 0.087500
0 0.167187 0.242361 0.106250 0.170833
0 0.074609 0.261111 0.108594 0.186111
0 0.488672 0.176389 0.061719 0.113889
0 0.600781 0.056250 0.037500 0.068056
0 0.677344 0.069444 0.034375 0.063889
0 0.696484 0.181250 0.063281 0.101389
0 0.621875 0.147917 0.056250 0.118056
0 0.446875 0.617361 0.206250 0.368056
0 0.624609 0.576389 0.191406 0.355556
0 0.902344 0.652778 0.195312 0.363889
0 0.169531 0.481250 0.184375 0.298611
0 0.026172 0.288194 0.052344 0.193056
0 0.150781 0.051389 0.032812 0.077778
