0 0.027734 0.291667 0.055469 0.191667
0 0.082422 0.255556 0.100781 0.175000
0 0.164062 0.251389 0.100000 0.158333
0 0.186719 0.122222 0.078125 0.094444
0 0.487891 0.170139 0.067969 0.109722
0 0.619531 0.145139 0.064062 0.098611
0 0.696484 0.179167 0.064844 0.113889
0 0.679297 0.070833 0.033594 0.061111
0 0.601172 0.053472 0.025781 0.051389
0 0.447266 0.612500 0.199219 0.355556
0 0.616406 0.577778 0.185937 0.355556
0 0.910937 0.659722 0.178125 0.386111
0 0.166406 0.491667 0.187500 0.313889
0 0.146484 0.050000 0.035156 0.055556
