0 0.152344 0.056944 0.035937 0.063889
0 0.198437 0.118056 0.056250 0.086111
0 0.184375 0.250694 0.095312 0.154167
0 0.098438 0.254167 0.101562 0.186111
0 0.039453 0.289583 0.078906 0.204167
0 0.206641 0.498611 0.191406 0.325000
0 0.492578 0.624306 0.214844 0.345833
0 0.661328 0.595833 0.175781 0.325000
0 0.932422 0.683333 0.135156 0.400000
0 0.497656 0.176389 0.057813 0.100000
0 0.635938 0.153472 0.070312 0.106944
0 0.705469 0.177778 0.076563 0.111111
0 0.681250 0.079861 0.034375 0.051389
0 0.600781 0.053472 0.026563 0.043056
