0 0.041016 0.295139 0.082031 0.184722
0 0.111328 0.264583 0.097656 0.184722
0 0.195312 0.256250 0.095312 0.165278
0 0.203516 0.125000 0.061719 0.086111
0 0.503125 0.176389 0.071875 0.127778
0 0.603125 0.056250 0.029687 0.056944
0 0.684766 0.068056 0.032031 0.063889
0 0.714453 0.186806 0.064844 0.109722
0 0.633594 0.144444 0.056250 0.111111
0 0.219922 0.516667 0.186719 0.319444
0 0.510156 0.648611 0.214062 0.363889
0 0.682422 0.615278 0.210156 0.363889
0 0.941797 0.671528 0.116406 0.393056
0 0.158203 0.053472 0.033594 0.062500
