0 0.211328 0.139583 0.058594 0.109722
0 0.608984 0.056944 0.028906 0.050000
0 0.688672 0.075694 0.036719 0.065278
0 0.723047 0.190972 0.069531 0.106944
0 0.643750 0.155556 0.064062 0.111111
0 0.516016 0.177778 0.061719 0.116667
0 0.211328 0.263194 0.092969 0.165278
0 0.125000 0.268750 0.100000 0.193056
0 0.052734 0.299306 0.103906 0.206944
0 0.256250 0.518056 0.192188 0.305556
0 0.550781 0.660417 0.210938 0.384722
0 0.718359 0.629861 0.185156 0.348611
0 0.960938 0.690972 0.078125 0.356944
0 0.163281 0.049306 0.031250 0.048611
