0 0.210156 0.129861 0.053125 0.109722
0 0.051562 0.306250 0.103125 0.201389
0 0.130469 0.271528 0.103125 0.181944
0 0.212891 0.269444 0.097656 0.155556
0 0.255078 0.520833 0.180469 0.308333
0 0.555078 0.665278 0.197656 0.355556
0 0.712891 0.619444 0.191406 0.341667
0 0.516406 0.175694 0.060938 0.112500
0 0.639063 0.147917 0.073437 0.115278
0 0.725000 0.189583 0.062500 0.118056
0 0.689844 0.073611 0.029687 0.052778
0 0.610156 0.068056 0.032812 0.063889
0 0.962109 0.700000 0.075781 0.330556
0 0.157031 0.052083 0.032812 0.054167
