0 0.021484 0.221528 0.042969 0.151389
0 0.075000 0.708333 0.150000 0.397222
0 0.508203 0.535417 0.163281 0.295833
0 0.847656 0.688889 0.217187 0.350000
0 0.951172 0.659722 0.097656 0.366667
0 0.367188 0.265278 0.093750 0.183333
0 0.220703 0.300694 0.116406 0.181944
0 0.288672 0.277083 0.103906 0.201389
0 0.303516 0.129861 0.066406 0.101389
0 0.613281 0.186111 0.059375 0.094444
0 0.733594 0.186111 0.056250 0.094444
0 0.822266 0.217361 0.067969 0.112500
0 0.737891 0.087500 0.035156 0.041667
0 0.652344 0.070139 0.023438 0.054167
