0 0.022656 0.212500 0.045313 0.161111
0 0.225391 0.299306 0.103906 0.176389
0 0.287891 0.261806 0.092969 0.184722
0 0.366797 0.265278 0.097656 0.152778
0 0.303906 0.129167 0.053125 0.080556
0 0.071875 0.707639 0.143750 0.351389
0 0.058984 0.847222 0.117969 0.305556
0 0.509375 0.515972 0.165625 0.309722
0 0.846875 0.678472 0.218750 0.351389
0 0.955469 0.651389 0.089062 0.350000
0 0.612500 0.186111 0.060938 0.102778
0 0.655859 0.068056 0.030469 0.055556
0 0.740625 0.098611 0.042188 0.058333
0 0.823047 0.218056 0.071094 0.113889
0 0.734766 0.178472 0.055469 0.095833
