0 0.038672 0.213889 0.077344 0.183333
0 0.238672 0.294444 0.110156 0.188889
0 0.308984 0.266667 0.097656 0.166667
0 0.382031 0.268056 0.093750 0.158333
0 0.313281 0.127083 0.054688 0.081944
0 0.536719 0.524306 0.178125 0.295833
0 0.878125 0.683333 0.214062 0.350000
0 0.622656 0.189583 0.057813 0.115278
0 0.741797 0.178472 0.066406 0.093056
0 0.831250 0.215278 0.065625 0.102778
0 0.744141 0.090972 0.039844 0.070833
0 0.657812 0.071528 0.029687 0.034722
0 0.094922 0.693056 0.189844 0.380556
0 0.083594 0.839583 0.165625 0.320833
