0 0.046094 0.206944 0.092188 0.180556
0 0.259375 0.291667 0.107813 0.200000
0 0.322266 0.270833 0.097656 0.188889
0 0.398828 0.266667 0.097656 0.158333
0 0.323047 0.127083 0.058594 0.106944
0 0.665234 0.069444 0.032031 0.041667
0 0.750781 0.092361 0.032812 0.068056
0 0.726172 0.145139 0.047656 0.079167
0 0.843359 0.219444 0.064844 0.111111
0 0.753125 0.187500 0.065625 0.100000
0 0.634375 0.197222 0.068750 0.116667
0 0.567578 0.531250 0.180469 0.318056
0 0.894922 0.681250 0.210156 0.390278
0 0.111719 0.698611 0.223438 0.363889
0 0.105859 0.828472 0.211719 0.343056
