0 0.055859 0.215972 0.092969 0.176389
0 0.339844 0.129167 0.057813 0.094444
0 0.289062 0.306250 0.112500 0.193056
0 0.424219 0.267361 0.093750 0.181944
0 0.345313 0.277083 0.098438 0.176389
0 0.651563 0.198611 0.067188 0.113889
0 0.767578 0.186806 0.064844 0.109722
0 0.859766 0.227778 0.072656 0.116667
0 0.921875 0.708333 0.156250 0.397222
0 0.592969 0.526389 0.176563 0.291667
0 0.739844 0.161111 0.043750 0.105556
0 0.758984 0.101389 0.032031 0.052778
0 0.671094 0.070139 0.025000 0.051389
0 0.166797 0.694444 0.260156 0.363889
0 0.144922 0.837500 0.289844 0.325000
