0 0.058203 0.218056 0.111719 0.183333
0 0.339063 0.131250 0.054688 0.106944
0 0.292969 0.298611 0.107813 0.177778
0 0.425391 0.274306 0.086719 0.173611
0 0.648047 0.191667 0.067969 0.130556
0 0.766797 0.190278 0.058594 0.094444
0 0.739062 0.150000 0.042188 0.075000
0 0.758984 0.101389 0.036719 0.061111
0 0.857422 0.229167 0.074219 0.122222
0 0.673437 0.077083 0.029687 0.056944
0 0.601562 0.526389 0.171875 0.297222
0 0.921484 0.717361 0.157031 0.393056
0 0.163672 0.706944 0.249219 0.355556
0 0.138672 0.840278 0.277344 0.319444
