0 0.064062 0.212500 0.100000 0.163889
0 0.296484 0.306250 0.111719 0.184722
0 0.357031 0.264583 0.095312 0.184722
0 0.433594 0.276389 0.095312 0.155556
0 0.341016 0.133333 0.060156 0.094444
0 0.673437 0.072222 0.029687 0.058333
0 0.764453 0.095139 0.033594 0.062500
0 0.742578 0.156944 0.044531 0.069444
0 0.865234 0.221528 0.057031 0.098611
0 0.772656 0.192361 0.054688 0.090278
0 0.655078 0.200694 0.066406 0.123611
0 0.610156 0.530556 0.168750 0.291667
0 0.930078 0.717361 0.139844 0.393056
0 0.162109 0.845833 0.324219 0.308333
0 0.186719 0.691667 0.250000 0.325000
