0 0.071094 0.218056 0.115625 0.161111
0 0.299219 0.297917 0.104687 0.173611
0 0.364844 0.279167 0.089062 0.180556
0 0.434375 0.273611 0.081250 0.169444
0 0.350781 0.123611 0.053125 0.105556
0 0.663281 0.201389 0.060938 0.116667
0 0.775781 0.190972 0.053125 0.090278
0 0.868750 0.225694 0.067188 0.112500
0 0.744922 0.160417 0.042969 0.090278
0 0.768750 0.104167 0.034375 0.052778
0 0.626953 0.528472 0.163281 0.301389
0 0.930859 0.709722 0.138281 0.391667
0 0.203906 0.681944 0.250000 0.322222
0 0.169531 0.843056 0.334375 0.313889
0 0.675781 0.070833 0.035937 0.052778
0 0.245312 0.036111 0.039062 0.069444
