0 0.253125 0.039583 0.040625 0.068056
0 0.353906 0.127083 0.054688 0.090278
0 0.677734 0.080556 0.038281 0.072222
0 0.768359 0.100694 0.033594 0.054167
0 0.758984 0.163194 0.052344 0.087500
0 0.781641 0.189583 0.050781 0.087500
0 0.871875 0.231250 0.073437 0.118056
0 0.939453 0.696528 0.121094 0.412500
0 0.640234 0.536111 0.194531 0.316667
0 0.182812 0.847222 0.351562 0.305556
0 0.213281 0.682639 0.246875 0.329167
0 0.075781 0.210417 0.100000 0.168056
0 0.314063 0.297222 0.104687 0.172222
0 0.374219 0.281944 0.087500 0.152778
0 0.445703 0.271528 0.089844 0.159722
