0 0.083203 0.218750 0.127344 0.173611
0 0.319922 0.300000 0.107031 0.186111
0 0.375391 0.270833 0.102344 0.205556
0 0.449219 0.270833 0.101562 0.188889
0 0.651563 0.536111 0.187500 0.319444
0 0.951172 0.694444 0.097656 0.369444
0 0.196094 0.851389 0.331250 0.297222
0 0.226172 0.680556 0.246094 0.333333
0 0.357031 0.126389 0.062500 0.105556
0 0.680859 0.075000 0.032031 0.052778
0 0.771875 0.100694 0.032812 0.068056
0 0.758203 0.163194 0.033594 0.073611
0 0.785937 0.188889 0.056250 0.102778
0 0.876562 0.225694 0.065625 0.120833
0 0.667578 0.195833 0.064844 0.097222
