0 0.084766 0.205556 0.100781 0.166667
0 0.216406 0.845139 0.325000 0.309722
0 0.246484 0.681944 0.252344 0.330556
0 0.657812 0.531944 0.175000 0.302778
0 0.955859 0.700000 0.088281 0.380556
0 0.384766 0.277083 0.099219 0.179167
0 0.458984 0.263194 0.091406 0.187500
0 0.319922 0.300694 0.111719 0.181944
0 0.359375 0.137500 0.062500 0.102778
0 0.683984 0.075694 0.033594 0.043056
0 0.674219 0.200000 0.073437 0.136111
0 0.753906 0.163194 0.059375 0.095833
0 0.792969 0.197222 0.060938 0.100000
0 0.883594 0.233333 0.067188 0.113889
0 0.774219 0.099306 0.028125 0.056944
