0 0.687891 0.081944 0.024219 0.061111
0 0.775391 0.096528 0.030469 0.059722
0 0.766406 0.160417 0.042188 0.076389
0 0.791016 0.190972 0.053906 0.098611
0 0.884766 0.229861 0.069531 0.129167
0 0.967188 0.697222 0.065625 0.344444
0 0.670313 0.542361 0.170312 0.298611
0 0.364844 0.131250 0.071875 0.106944
0 0.680078 0.194444 0.066406 0.113889
0 0.327344 0.290278 0.117188 0.188889
0 0.088281 0.209028 0.106250 0.170833
0 0.219922 0.836111 0.327344 0.327778
0 0.255078 0.681944 0.239844 0.313889
0 0.392188 0.288194 0.089062 0.201389
0 0.462891 0.272222 0.097656 0.177778
