0 0.471875 0.267361 0.103125 0.165278
0 0.398828 0.272917 0.102344 0.170833
0 0.337109 0.305556 0.114844 0.188889
0 0.674219 0.540972 0.181250 0.315278
0 0.966016 0.702083 0.067969 0.295833
0 0.887109 0.229861 0.069531 0.112500
0 0.677734 0.202083 0.061719 0.109722
0 0.798437 0.195833 0.050000 0.097222
0 0.779297 0.105556 0.033594 0.063889
0 0.689844 0.077083 0.025000 0.045833
0 0.762891 0.161806 0.038281 0.076389
0 0.096484 0.210417 0.105469 0.176389
0 0.368750 0.131250 0.068750 0.112500
0 0.242969 0.841667 0.328125 0.316667
0 0.262500 0.652778 0.251563 0.319444
