0 0.091797 0.205556 0.097656 0.166667
0 0.333984 0.296528 0.096094 0.181944
0 0.366797 0.126389 0.058594 0.105556
0 0.397266 0.263889 0.086719 0.188889
0 0.471875 0.281944 0.107813 0.202778
0 0.678125 0.538194 0.171875 0.298611
0 0.967188 0.718056 0.065625 0.363889
0 0.243359 0.851389 0.324219 0.297222
0 0.265625 0.668056 0.248437 0.319444
0 0.681250 0.202778 0.068750 0.113889
0 0.797266 0.190972 0.053906 0.106944
0 0.765625 0.160417 0.043750 0.090278
0 0.896094 0.238889 0.076563 0.138889
0 0.779297 0.105556 0.033594 0.072222
0 0.689062 0.076389 0.031250 0.063889
