0 0.098047 0.213889 0.097656 0.152778
0 0.369531 0.128472 0.060938 0.101389
0 0.344141 0.299306 0.103906 0.176389
0 0.402344 0.273611 0.093750 0.169444
0 0.470313 0.275694 0.093750 0.173611
0 0.683984 0.547222 0.191406 0.286111
0 0.975781 0.730556 0.048437 0.291667
0 0.242188 0.843750 0.320312 0.312500
0 0.279297 0.697917 0.242969 0.318056
0 0.685156 0.193750 0.070312 0.123611
0 0.770312 0.163194 0.053125 0.093056
0 0.804297 0.195139 0.066406 0.115278
0 0.893750 0.231250 0.064062 0.109722
0 0.779297 0.102778 0.030469 0.055556
0 0.692578 0.081944 0.033594 0.047222
