0 0.114063 0.220139 0.100000 0.179167
0 0.266016 0.038194 0.032031 0.056944
0 0.379297 0.135417 0.064844 0.112500
0 0.356641 0.307639 0.103906 0.170833
0 0.411328 0.293056 0.097656 0.188889
0 0.483594 0.273611 0.089062 0.169444
0 0.713281 0.545833 0.173438 0.305556
0 0.307031 0.865972 0.343750 0.268056
0 0.310547 0.695833 0.257031 0.313889
0 0.778125 0.169444 0.053125 0.075000
0 0.903125 0.239583 0.071875 0.118056
0 0.808203 0.200694 0.058594 0.095833
0 0.786719 0.110417 0.028125 0.056944
0 0.697656 0.077778 0.031250 0.069444
0 0.694141 0.201389 0.063281 0.102778
