0 0.076953 0.806250 0.153906 0.387500
0 0.370703 0.872222 0.357031 0.255556
0 0.360547 0.730556 0.246094 0.352778
0 0.748438 0.590972 0.181250 0.312500
0 0.134375 0.231944 0.110937 0.186111
0 0.390234 0.140972 0.067969 0.095833
0 0.378516 0.317361 0.099219 0.170833
0 0.437891 0.303472 0.083594 0.170833
0 0.502734 0.282639 0.110156 0.168056
0 0.708203 0.214583 0.066406 0.106944
0 0.791406 0.184722 0.045313 0.094444
0 0.921875 0.250694 0.071875 0.101389
0 0.821094 0.209028 0.057813 0.101389
0 0.793359 0.111111 0.035156 0.052778
0 0.701563 0.088889 0.031250 0.052778
