0 0.134766 0.231250 0.107031 0.187500
0 0.393750 0.140278 0.059375 0.108333
0 0.384766 0.322222 0.105469 0.191667
0 0.444531 0.301389 0.082813 0.166667
0 0.517578 0.286111 0.097656 0.202778
0 0.764453 0.592361 0.188281 0.340278
0 0.711328 0.212500 0.064844 0.138889
0 0.704687 0.081944 0.034375 0.061111
0 0.794141 0.109028 0.038281 0.045833
0 0.789453 0.174306 0.038281 0.079167
0 0.825391 0.210417 0.066406 0.093056
0 0.925000 0.250000 0.070312 0.102778
0 0.399609 0.879167 0.311719 0.241667
0 0.380859 0.743750 0.249219 0.301389
0 0.082031 0.804167 0.164062 0.391667
