0 0.146484 0.218750 0.100781 0.159722
0 0.399609 0.136806 0.058594 0.101389
0 0.397656 0.324306 0.104687 0.173611
0 0.456250 0.302778 0.076563 0.155556
0 0.515625 0.297222 0.101562 0.188889
0 0.776953 0.596528 0.166406 0.309722
0 0.721875 0.218056 0.068750 0.100000
0 0.798437 0.186111 0.050000 0.080556
0 0.833203 0.218750 0.066406 0.098611
0 0.933984 0.256250 0.086719 0.129167
0 0.800391 0.122222 0.038281 0.072222
0 0.705469 0.087500 0.040625 0.063889
0 0.401563 0.759028 0.245312 0.345833
0 0.415625 0.888889 0.343750 0.222222
0 0.095312 0.809722 0.190625 0.380556
