0 0.107031 0.813889 0.214062 0.372222
0 0.445703 0.892361 0.319531 0.215278
0 0.419531 0.780556 0.264062 0.344444
0 0.791406 0.610417 0.181250 0.298611
0 0.939453 0.254861 0.078906 0.131944
0 0.835156 0.220139 0.046875 0.087500
0 0.802734 0.117361 0.033594 0.048611
0 0.800781 0.181944 0.050000 0.077778
0 0.707031 0.090972 0.034375 0.048611
0 0.724609 0.220139 0.074219 0.126389
0 0.404687 0.143750 0.064062 0.095833
0 0.157813 0.229167 0.118750 0.180556
0 0.408203 0.335417 0.113281 0.190278
0 0.464453 0.311111 0.075781 0.169444
0 0.528516 0.295139 0.094531 0.179167
