0 0.158594 0.235417 0.117188 0.170833
0 0.107031 0.817361 0.214062 0.365278
0 0.421875 0.765278 0.251563 0.313889
0 0.453906 0.900000 0.331250 0.200000
0 0.794922 0.612500 0.185156 0.336111
0 0.938281 0.247222 0.075000 0.136111
0 0.834375 0.218056 0.046875 0.097222
0 0.798437 0.177778 0.046875 0.072222
0 0.798437 0.117361 0.034375 0.056944
0 0.706641 0.085417 0.025781 0.054167
0 0.723437 0.213889 0.076563 0.119444
0 0.407031 0.338889 0.120312 0.183333
0 0.466406 0.305556 0.085938 0.175000
0 0.531250 0.304861 0.104687 0.187500
0 0.398438 0.144444 0.068750 0.125000
