0 0.120312 0.836111 0.240625 0.327778
0 0.449219 0.786111 0.264062 0.355556
0 0.800781 0.615278 0.187500 0.338889
0 0.462891 0.915278 0.308594 0.169444
0 0.159375 0.233333 0.100000 0.180556
0 0.409766 0.147222 0.074219 0.125000
0 0.419141 0.335417 0.108594 0.173611
0 0.472266 0.320139 0.086719 0.168056
0 0.534766 0.307639 0.092969 0.151389
0 0.730078 0.222917 0.080469 0.118056
0 0.712500 0.080556 0.028125 0.050000
0 0.800781 0.114583 0.034375 0.056944
0 0.807031 0.187500 0.043750 0.075000
0 0.837109 0.220139 0.060156 0.093056
0 0.939062 0.253472 0.071875 0.123611
