0 0.164062 0.240278 0.106250 0.180556
0 0.132031 0.832639 0.264062 0.334722
0 0.463281 0.820833 0.245312 0.358333
0 0.495313 0.920833 0.317187 0.158333
0 0.822656 0.621528 0.201562 0.329167
0 0.946484 0.253472 0.078906 0.140278
0 0.839453 0.228472 0.067969 0.098611
0 0.804688 0.114583 0.037500 0.056944
0 0.809375 0.187500 0.051562 0.088889
0 0.735937 0.229861 0.065625 0.098611
0 0.714063 0.081944 0.035937 0.066667
0 0.418750 0.154861 0.073437 0.118056
0 0.414062 0.338889 0.112500 0.172222
0 0.480078 0.320139 0.078906 0.168056
0 0.545313 0.314583 0.109375 0.156944
