0 0.172266 0.243750 0.103906 0.159722
0 0.416797 0.149306 0.061719 0.098611
0 0.433984 0.355556 0.103906 0.191667
0 0.484766 0.325000 0.082031 0.147222
0 0.552344 0.325694 0.087500 0.140278
0 0.139844 0.841667 0.279687 0.316667
0 0.518750 0.926389 0.270312 0.147222
0 0.833203 0.631944 0.191406 0.336111
0 0.480078 0.817361 0.244531 0.337500
0 0.739844 0.237500 0.070312 0.113889
0 0.814453 0.193056 0.049219 0.077778
0 0.850781 0.229167 0.062500 0.097222
0 0.946484 0.269444 0.074219 0.116667
0 0.807813 0.119444 0.045313 0.066667
0 0.711719 0.086806 0.034375 0.056944
