0 0.186719 0.249306 0.107813 0.162500
0 0.419531 0.154167 0.059375 0.113889
0 0.446094 0.363194 0.107813 0.184722
0 0.500781 0.339583 0.085938 0.159722
0 0.567578 0.327778 0.086719 0.158333
0 0.853516 0.648611 0.174219 0.280556
0 0.747656 0.240278 0.068750 0.105556
0 0.819531 0.196528 0.059375 0.079167
0 0.853516 0.235417 0.067969 0.101389
0 0.958203 0.276389 0.080469 0.138889
0 0.809766 0.127083 0.038281 0.073611
0 0.717969 0.095833 0.034375 0.063889
0 0.565625 0.934722 0.262500 0.130556
0 0.174609 0.856250 0.332031 0.287500
0 0.517578 0.832639 0.255469 0.334722
