0 0.183594 0.255556 0.103125 0.172222
0 0.023828 0.436806 0.047656 0.265278
0 0.175391 0.850694 0.324219 0.298611
0 0.573047 0.934722 0.275781 0.130556
0 0.517969 0.818750 0.276563 0.362500
0 0.857031 0.659028 0.181250 0.320833
0 0.452734 0.363194 0.128906 0.193056
0 0.571094 0.321528 0.089062 0.170833
0 0.419922 0.153472 0.063281 0.115278
0 0.712500 0.096528 0.043750 0.054167
0 0.809766 0.121528 0.032031 0.065278
0 0.821875 0.191667 0.046875 0.088889
0 0.958984 0.277083 0.074219 0.123611
0 0.855078 0.235417 0.052344 0.093056
0 0.742969 0.229861 0.071875 0.106944
