0 0.204688 0.257639 0.106250 0.209722
0 0.037500 0.442361 0.075000 0.298611
0 0.202734 0.856250 0.335156 0.287500
0 0.554688 0.835417 0.245312 0.329167
0 0.612109 0.931944 0.286719 0.136111
0 0.879297 0.654861 0.183594 0.323611
0 0.463281 0.362500 0.107813 0.166667
0 0.576172 0.329861 0.096094 0.162500
0 0.427734 0.161806 0.049219 0.106944
0 0.717578 0.092361 0.028906 0.059722
0 0.813281 0.125694 0.029687 0.056944
0 0.828516 0.198611 0.042969 0.091667
0 0.858984 0.237500 0.052344 0.097222
0 0.964453 0.284028 0.071094 0.118056
0 0.755859 0.243750 0.064844 0.120833
