0 0.217578 0.250694 0.097656 0.170833
0 0.044922 0.450694 0.089844 0.290278
0 0.260156 0.868056 0.298438 0.263889
0 0.589063 0.850694 0.245312 0.298611
0 0.667969 0.931944 0.282813 0.136111
0 0.908594 0.658333 0.182812 0.358333
0 0.484766 0.369444 0.103906 0.175000
0 0.596484 0.329167 0.080469 0.155556
0 0.766797 0.245833 0.077344 0.125000
0 0.834375 0.204861 0.064062 0.095833
0 0.866406 0.235417 0.059375 0.093056
0 0.968750 0.288194 0.062500 0.118056
0 0.441016 0.159028 0.050781 0.095833
0 0.721094 0.093056 0.028125 0.047222
0 0.817578 0.136111 0.028906 0.050000
