0 0.055859 0.448611 0.111719 0.302778
0 0.224219 0.260417 0.103125 0.173611
0 0.443750 0.160417 0.059375 0.109722
0 0.305859 0.041667 0.041406 0.072222
0 0.493359 0.375000 0.099219 0.169444
0 0.607031 0.334722 0.084375 0.158333
0 0.766797 0.250000 0.063281 0.108333
0 0.726562 0.096528 0.029687 0.068056
0 0.818750 0.136111 0.040625 0.072222
0 0.841016 0.206250 0.047656 0.084722
0 0.876172 0.246528 0.066406 0.093056
0 0.973437 0.287500 0.053125 0.125000
0 0.907031 0.683333 0.185937 0.355556
0 0.616406 0.841667 0.257812 0.316667
0 0.700391 0.940278 0.246094 0.119444
0 0.292188 0.872222 0.290625 0.255556
