0 0.059766 0.437500 0.119531 0.319444
0 0.223828 0.258333 0.124219 0.169444
0 0.445703 0.163889 0.055469 0.116667
0 0.491016 0.359722 0.117969 0.191667
0 0.545703 0.351389 0.085156 0.177778
0 0.604688 0.330556 0.101562 0.177778
0 0.772656 0.246528 0.076563 0.131944
0 0.838672 0.205556 0.080469 0.094444
0 0.870313 0.236806 0.053125 0.090278
0 0.976172 0.298611 0.047656 0.125000
0 0.820312 0.134028 0.029687 0.045833
0 0.721484 0.100694 0.032031 0.045833
0 0.916016 0.678472 0.167969 0.337500
0 0.624219 0.841667 0.242188 0.316667
0 0.287891 0.871528 0.294531 0.256944
0 0.694922 0.941667 0.257031 0.116667
