0 0.062109 0.439583 0.124219 0.281944
0 0.230469 0.261806 0.110937 0.179167
0 0.301172 0.042361 0.025781 0.048611
0 0.444922 0.164583 0.055469 0.098611
0 0.496875 0.373611 0.100000 0.158333
0 0.612500 0.333333 0.090625 0.161111
0 0.772266 0.248611 0.074219 0.122222
0 0.725391 0.095833 0.024219 0.052778
0 0.821875 0.133333 0.029687 0.041667
0 0.838672 0.211111 0.042969 0.075000
0 0.874609 0.245139 0.061719 0.098611
0 0.975781 0.296528 0.048437 0.129167
0 0.920703 0.674306 0.158594 0.329167
0 0.641406 0.843750 0.254687 0.312500
0 0.319141 0.859028 0.313281 0.281944
0 0.721484 0.936806 0.261719 0.126389
