0 0.062109 0.451389 0.124219 0.261111
0 0.235938 0.255556 0.090625 0.152778
0 0.304297 0.052778 0.033594 0.058333
0 0.445312 0.160417 0.053125 0.093056
0 0.505859 0.377778 0.096094 0.161111
0 0.616016 0.343056 0.082031 0.155556
0 0.775781 0.254167 0.062500 0.097222
0 0.726172 0.103472 0.022656 0.048611
0 0.819531 0.140972 0.029687 0.054167
0 0.874609 0.251389 0.060156 0.102778
0 0.840234 0.212500 0.042969 0.077778
0 0.975391 0.295833 0.049219 0.111111
0 0.927734 0.676389 0.144531 0.294444
0 0.652734 0.853472 0.241406 0.293056
0 0.328906 0.874306 0.287500 0.251389
0 0.733984 0.949306 0.250781 0.101389
