0 0.451172 0.167361 0.066406 0.112500
0 0.241406 0.264583 0.104687 0.181944
0 0.068750 0.456250 0.137500 0.287500
0 0.339453 0.872917 0.283594 0.254167
0 0.661328 0.853472 0.233594 0.293056
0 0.928516 0.684722 0.142969 0.313889
0 0.508984 0.378472 0.097656 0.173611
0 0.618750 0.346528 0.085938 0.159722
0 0.777734 0.255556 0.066406 0.100000
0 0.844531 0.215972 0.048437 0.070833
0 0.882812 0.243056 0.071875 0.097222
0 0.975391 0.296528 0.049219 0.106944
0 0.820312 0.138194 0.031250 0.048611
0 0.724219 0.105556 0.032812 0.055556
0 0.306250 0.050694 0.031250 0.054167
0 0.745313 0.950694 0.250000 0.098611
