0 0.083594 0.457639 0.167187 0.284722
0 0.377344 0.866667 0.287500 0.266667
0 0.691406 0.856250 0.234375 0.287500
0 0.937109 0.689583 0.125781 0.323611
0 0.979688 0.304861 0.040625 0.112500
0 0.884375 0.254861 0.062500 0.098611
0 0.847266 0.218750 0.047656 0.084722
0 0.783594 0.260417 0.060938 0.115278
0 0.822656 0.140278 0.035937 0.058333
0 0.727734 0.107639 0.025781 0.040278
0 0.523828 0.386806 0.110156 0.168056
0 0.627734 0.345833 0.088281 0.161111
0 0.251172 0.268056 0.089844 0.155556
0 0.455469 0.169444 0.057813 0.105556
0 0.307031 0.050000 0.029687 0.058333
0 0.776563 0.950000 0.239063 0.100000
