0 0.087500 0.470833 0.160938 0.258333
0 0.256641 0.269444 0.099219 0.166667
0 0.307422 0.052778 0.033594 0.058333
0 0.457422 0.172222 0.060156 0.102778
0 0.532031 0.395139 0.106250 0.173611
0 0.633594 0.352778 0.081250 0.166667
0 0.400000 0.880556 0.276563 0.238889
0 0.708203 0.863889 0.235156 0.272222
0 0.801172 0.952083 0.228906 0.095833
0 0.940234 0.694444 0.119531 0.316667
0 0.785156 0.268056 0.070312 0.111111
0 0.726172 0.115278 0.030469 0.055556
0 0.823047 0.144444 0.036719 0.058333
0 0.848437 0.220833 0.050000 0.083333
0 0.885938 0.256250 0.067188 0.098611
0 0.979688 0.302778 0.040625 0.116667
