0 0.270312 0.272222 0.090625 0.161111
0 0.463281 0.179167 0.050000 0.105556
0 0.540625 0.396528 0.098438 0.168056
0 0.644141 0.355556 0.078906 0.155556
0 0.110547 0.470833 0.157031 0.255556
0 0.449609 0.888889 0.267969 0.222222
0 0.739453 0.868750 0.239844 0.262500
0 0.839453 0.963194 0.197656 0.073611
0 0.953516 0.710417 0.092969 0.318056
0 0.791016 0.270833 0.061719 0.105556
0 0.726562 0.115278 0.025000 0.044444
0 0.826563 0.150000 0.032812 0.058333
0 0.850781 0.222917 0.048437 0.076389
0 0.887891 0.263194 0.063281 0.101389
0 0.982031 0.306944 0.035937 0.102778
