0 0.115234 0.472222 0.153906 0.261111
0 0.274609 0.286806 0.092969 0.159722
0 0.456641 0.888194 0.277344 0.223611
0 0.753125 0.866667 0.234375 0.266667
0 0.850391 0.962500 0.199219 0.075000
0 0.958203 0.698611 0.083594 0.286111
0 0.548828 0.393750 0.105469 0.176389
0 0.649219 0.359722 0.087500 0.152778
0 0.465625 0.177778 0.054688 0.094444
0 0.726562 0.115278 0.023438 0.044444
0 0.824219 0.152778 0.032812 0.055556
0 0.792578 0.265972 0.061719 0.098611
0 0.853125 0.230556 0.048437 0.077778
0 0.890625 0.262500 0.053125 0.091667
0 0.985156 0.308333 0.029687 0.097222
