0 0.983984 0.312500 0.032031 0.102778
0 0.959766 0.696528 0.080469 0.290278
0 0.758203 0.872222 0.221094 0.255556
0 0.861719 0.963889 0.200000 0.072222
0 0.463672 0.888889 0.271094 0.222222
0 0.125781 0.472222 0.162500 0.263889
0 0.021484 0.573611 0.042969 0.258333
0 0.276172 0.279167 0.091406 0.158333
0 0.467969 0.184028 0.053125 0.101389
0 0.651172 0.363889 0.091406 0.161111
0 0.553125 0.395833 0.103125 0.180556
0 0.794531 0.284722 0.064062 0.122222
0 0.852734 0.231944 0.042969 0.091667
0 0.895703 0.263889 0.053906 0.091667
0 0.826953 0.151389 0.033594 0.061111
0 0.726953 0.114583 0.024219 0.043056
0 0.312109 0.057639 0.025781 0.054167
