0 0.286328 0.285417 0.092969 0.156944
0 0.472656 0.180556 0.054688 0.094444
0 0.559375 0.403472 0.100000 0.168056
0 0.655859 0.365278 0.086719 0.163889
0 0.800391 0.281250 0.071094 0.118056
0 0.857031 0.235417 0.054688 0.090278
0 0.896875 0.273611 0.065625 0.100000
0 0.984375 0.316667 0.031250 0.111111
0 0.968750 0.700000 0.062500 0.291667
0 0.827344 0.155556 0.031250 0.050000
0 0.728516 0.115972 0.024219 0.045833
0 0.780859 0.872917 0.230469 0.254167
0 0.491406 0.899306 0.268750 0.201389
0 0.133203 0.478472 0.160156 0.265278
0 0.029687 0.588194 0.059375 0.298611
0 0.313672 0.057639 0.033594 0.059722
