0 0.291406 0.290972 0.096875 0.156944
0 0.144531 0.491667 0.148438 0.250000
0 0.037109 0.595833 0.074219 0.319444
0 0.508203 0.906250 0.260156 0.187500
0 0.807422 0.881944 0.242969 0.236111
0 0.972266 0.706944 0.055469 0.255556
0 0.473047 0.187500 0.057031 0.100000
0 0.313281 0.070833 0.032812 0.061111
0 0.567187 0.403472 0.098438 0.168056
0 0.663281 0.377778 0.087500 0.172222
0 0.802344 0.275000 0.065625 0.100000
0 0.860937 0.238889 0.050000 0.086111
0 0.901172 0.276389 0.055469 0.094444
0 0.989453 0.331944 0.021094 0.102778
0 0.829297 0.151389 0.035156 0.061111
0 0.725391 0.118750 0.030469 0.040278
