0 0.291797 0.283333 0.099219 0.177778
0 0.566797 0.412500 0.111719 0.166667
0 0.666797 0.370833 0.086719 0.163889
0 0.800391 0.280556 0.063281 0.113889
0 0.473828 0.186806 0.055469 0.101389
0 0.313672 0.065278 0.038281 0.069444
0 0.141016 0.496528 0.163281 0.270833
0 0.038281 0.590972 0.076563 0.329167
0 0.727734 0.123611 0.027344 0.061111
0 0.828125 0.163194 0.029687 0.065278
0 0.858594 0.234028 0.039062 0.087500
0 0.898828 0.272222 0.066406 0.105556
0 0.985547 0.322222 0.028906 0.100000
0 0.968750 0.720139 0.062500 0.306944
0 0.804688 0.872917 0.229687 0.254167
0 0.511719 0.901389 0.284375 0.197222
