0 0.573438 0.408333 0.106250 0.175000
0 0.667188 0.381944 0.095312 0.166667
0 0.800781 0.284722 0.068750 0.122222
0 0.730469 0.125694 0.026563 0.062500
0 0.829297 0.163889 0.035156 0.066667
0 0.861328 0.238889 0.053906 0.083333
0 0.898828 0.278472 0.061719 0.112500
0 0.975000 0.719444 0.050000 0.252778
0 0.806250 0.882639 0.260938 0.234722
0 0.517187 0.901389 0.275000 0.197222
0 0.039453 0.600694 0.078906 0.315278
0 0.154687 0.509028 0.162500 0.268056
0 0.300391 0.288889 0.107031 0.183333
0 0.312500 0.061806 0.031250 0.062500
0 0.478516 0.192361 0.055469 0.093056
