0 0.047266 0.612500 0.094531 0.369444
0 0.161328 0.511806 0.152344 0.262500
0 0.304688 0.296528 0.110937 0.165278
0 0.319531 0.061111 0.043750 0.080556
0 0.482422 0.194444 0.066406 0.111111
0 0.580078 0.422222 0.100781 0.169444
0 0.673047 0.389583 0.086719 0.170833
0 0.543750 0.920139 0.256250 0.159722
0 0.831641 0.897222 0.252344 0.205556
0 0.809766 0.287500 0.058594 0.105556
0 0.732031 0.125000 0.025000 0.047222
0 0.828125 0.166667 0.032812 0.055556
0 0.862500 0.247917 0.054688 0.090278
0 0.908203 0.279861 0.063281 0.101389
