0 0.315234 0.066667 0.038281 0.055556
0 0.478516 0.191667 0.060156 0.108333
0 0.299609 0.302083 0.091406 0.165278
0 0.165234 0.504167 0.150781 0.261111
0 0.046094 0.615278 0.092188 0.333333
0 0.541797 0.920139 0.258594 0.159722
0 0.830859 0.888889 0.247656 0.222222
0 0.580859 0.424306 0.102344 0.187500
0 0.674609 0.382639 0.089844 0.156944
0 0.729297 0.125000 0.028906 0.047222
0 0.806250 0.288194 0.070312 0.098611
0 0.830078 0.166667 0.032031 0.058333
0 0.863281 0.245833 0.062500 0.086111
0 0.906250 0.281250 0.070312 0.106944
