0 0.317578 0.068750 0.033594 0.059722
0 0.478516 0.197222 0.055469 0.097222
0 0.583594 0.420139 0.100000 0.176389
0 0.675781 0.386806 0.087500 0.156944
0 0.812109 0.300694 0.064844 0.115278
0 0.860547 0.252083 0.044531 0.081944
0 0.904297 0.281944 0.058594 0.100000
0 0.828906 0.163889 0.034375 0.052778
0 0.731641 0.129167 0.021094 0.038889
0 0.300391 0.303472 0.091406 0.162500
0 0.169922 0.512500 0.150781 0.266667
0 0.051953 0.622917 0.103906 0.337500
0 0.550781 0.920139 0.248437 0.159722
0 0.837500 0.900694 0.242188 0.198611
