0 0.587500 0.431250 0.103125 0.176389
0 0.053516 0.629861 0.107031 0.337500
0 0.174609 0.523611 0.160156 0.280556
0 0.303125 0.309028 0.090625 0.181944
0 0.317187 0.072222 0.034375 0.063889
0 0.482422 0.195833 0.046094 0.100000
0 0.558594 0.923611 0.237500 0.152778
0 0.845703 0.896528 0.244531 0.206944
0 0.680469 0.386806 0.084375 0.165278
0 0.733594 0.134028 0.026563 0.056944
0 0.831641 0.164583 0.028906 0.051389
0 0.907422 0.286111 0.061719 0.097222
0 0.810547 0.293056 0.066406 0.097222
0 0.863672 0.248611 0.039844 0.091667
