0 0.051562 0.636806 0.103125 0.340278
0 0.167578 0.523611 0.161719 0.288889
0 0.302734 0.306944 0.096094 0.155556
0 0.317187 0.072222 0.034375 0.063889
0 0.480469 0.198611 0.051562 0.094444
0 0.587500 0.434722 0.103125 0.186111
0 0.677734 0.386806 0.089844 0.179167
0 0.554688 0.928472 0.248437 0.143056
0 0.848047 0.904861 0.232031 0.190278
0 0.810156 0.291667 0.071875 0.102778
0 0.866406 0.252083 0.056250 0.104167
0 0.907422 0.287500 0.055469 0.097222
0 0.830859 0.168056 0.032031 0.058333
0 0.730859 0.129861 0.027344 0.048611
