0 0.060547 0.636111 0.121094 0.330556
0 0.184375 0.529167 0.159375 0.291667
0 0.309766 0.316667 0.102344 0.166667
0 0.322656 0.076389 0.034375 0.069444
0 0.486719 0.208333 0.057813 0.113889
0 0.734375 0.137500 0.028125 0.055556
0 0.835938 0.172222 0.039062 0.050000
0 0.810938 0.299306 0.071875 0.106944
0 0.868750 0.254861 0.039062 0.076389
0 0.912500 0.297917 0.062500 0.104167
0 0.594922 0.442361 0.107031 0.173611
0 0.684766 0.406944 0.092969 0.166667
0 0.857813 0.910417 0.234375 0.179167
0 0.582422 0.934722 0.239844 0.130556
