0 0.032812 0.379861 0.065625 0.209722
0 0.181641 0.749306 0.186719 0.343056
0 0.318359 0.622222 0.138281 0.241667
0 0.403906 0.384028 0.093750 0.170833
0 0.551562 0.257639 0.059375 0.101389
0 0.700781 0.513194 0.104687 0.181944
0 0.778516 0.475000 0.086719 0.163889
0 0.778906 0.166667 0.026563 0.055556
0 0.883984 0.217361 0.030469 0.062500
0 0.886719 0.365278 0.073437 0.122222
0 0.935156 0.307639 0.051562 0.090278
0 0.973047 0.353472 0.053906 0.101389
0 0.373828 0.119444 0.032031 0.052778
0 0.724219 0.399306 0.075000 0.123611
