0 0.726562 0.395139 0.078125 0.137500
0 0.697266 0.525694 0.107031 0.179167
0 0.789062 0.483333 0.090625 0.155556
0 0.896484 0.370139 0.063281 0.104167
0 0.939062 0.311806 0.046875 0.093056
0 0.979688 0.352083 0.040625 0.098611
0 0.784766 0.182639 0.032031 0.056944
0 0.888281 0.222917 0.032812 0.068056
0 0.553906 0.257639 0.048437 0.090278
0 0.378125 0.120139 0.035937 0.065278
0 0.414062 0.386806 0.084375 0.156944
0 0.327344 0.626389 0.150000 0.258333
0 0.191797 0.747917 0.192969 0.326389
0 0.035156 0.386806 0.070312 0.198611
