0 0.019141 0.563889 0.038281 0.180556
0 0.064453 0.590278 0.108594 0.188889
0 0.192969 0.947917 0.167187 0.104167
0 0.341797 0.874306 0.157031 0.251389
0 0.466016 0.563889 0.091406 0.177778
0 0.454297 0.236111 0.038281 0.069444
0 0.628516 0.402083 0.066406 0.101389
0 0.766797 0.738889 0.110156 0.202778
0 0.861719 0.674306 0.103125 0.184722
0 0.797656 0.581250 0.081250 0.165278
0 0.765625 0.620833 0.095312 0.130556
0 0.976172 0.504861 0.047656 0.131944
0 0.882422 0.269444 0.027344 0.058333
0 0.988672 0.311111 0.022656 0.058333
