0 0.144141 0.238194 0.060156 0.090278
0 0.095312 0.383333 0.117188 0.194444
0 0.158594 0.356944 0.101562 0.186111
0 0.235156 0.341667 0.103125 0.183333
0 0.419922 0.557639 0.167969 0.290278
0 0.464453 0.303472 0.058594 0.090278
0 0.483594 0.197917 0.020312 0.043056
0 0.562891 0.220139 0.033594 0.054167
0 0.547266 0.270833 0.039844 0.063889
0 0.576172 0.293750 0.053906 0.087500
0 0.657422 0.315972 0.060156 0.093056
0 0.747266 0.659028 0.192969 0.345833
0 0.869141 0.642361 0.167969 0.334722
0 0.050781 0.834722 0.101562 0.330556
