0 0.529688 0.129167 0.029687 0.061111
0 0.662891 0.586111 0.241406 0.416667
0 0.957812 0.486111 0.084375 0.266667
0 0.646875 0.286111 0.087500 0.144444
0 0.757422 0.293056 0.092969 0.152778
0 0.966406 0.300000 0.064062 0.102778
0 0.964844 0.223611 0.031250 0.052778
0 0.641406 0.196528 0.053125 0.084722
0 0.424219 0.202778 0.078125 0.144444
0 0.339063 0.718056 0.356250 0.563889
0 0.378125 0.411111 0.226562 0.291667
0 0.246484 0.249306 0.133594 0.212500
0 0.088672 0.259722 0.144531 0.252778
0 0.026172 0.125000 0.052344 0.133333
