0 0.046094 0.284028 0.092188 0.156944
0 0.141016 0.269444 0.097656 0.177778
0 0.185547 0.223611 0.067969 0.147222
0 0.200000 0.147917 0.057813 0.093056
0 0.185547 0.081944 0.033594 0.066667
0 0.489453 0.184722 0.067969 0.105556
0 0.639063 0.161111 0.071875 0.127778
0 0.710547 0.090278 0.036719 0.063889
0 0.701563 0.192361 0.065625 0.120833
0 0.634766 0.075694 0.028906 0.048611
0 0.802734 0.669444 0.235156 0.419444
0 0.492188 0.596528 0.196875 0.340278
0 0.299219 0.638194 0.228125 0.379167
0 0.079297 0.511806 0.158594 0.306944
