0 0.030859 0.284722 0.061719 0.186111
0 0.084766 0.258333 0.096094 0.177778
0 0.170703 0.245139 0.085156 0.173611
0 0.196875 0.127083 0.059375 0.098611
0 0.492188 0.170833 0.054688 0.116667
0 0.630078 0.145833 0.067969 0.113889
0 0.705078 0.179861 0.060156 0.112500
0 0.678906 0.068750 0.034375 0.070833
0 0.600781 0.054167 0.026563 0.041667
0 0.185937 0.495139 0.182812 0.298611
0 0.467578 0.629167 0.207031 0.366667
0 0.636719 0.581944 0.207813 0.363889
0 0.916406 0.651389 0.167187 0.388889
0 0.151562 0.047917 0.037500 0.062500
