0 0.049219 0.301389 0.098438 0.205556
0 0.116797 0.260417 0.103906 0.204167
0 0.198828 0.265972 0.102344 0.170833
0 0.205469 0.129861 0.053125 0.079167
0 0.508594 0.181250 0.070312 0.109722
0 0.605469 0.059028 0.035937 0.062500
0 0.689844 0.073611 0.039062 0.083333
0 0.717578 0.189583 0.063281 0.101389
0 0.636719 0.154861 0.067188 0.109722
0 0.237109 0.511806 0.178906 0.306944
0 0.529297 0.656944 0.211719 0.355556
0 0.703906 0.625000 0.193750 0.336111
0 0.951172 0.685417 0.097656 0.376389
0 0.158203 0.048611 0.025781 0.052778
