0 0.091797 0.834028 0.183594 0.331944
0 0.110156 0.693056 0.220313 0.352778
0 0.038672 0.209722 0.077344 0.188889
0 0.323438 0.127778 0.057813 0.097222
0 0.392969 0.265278 0.092188 0.155556
0 0.251172 0.297222 0.108594 0.188889
0 0.314844 0.270139 0.100000 0.181944
0 0.553906 0.520833 0.173438 0.319444
0 0.891797 0.688194 0.216406 0.370833
0 0.625000 0.197222 0.075000 0.116667
0 0.662500 0.068750 0.034375 0.062500
0 0.746094 0.086806 0.031250 0.065278
0 0.746094 0.185417 0.053125 0.087500
0 0.835547 0.220139 0.069531 0.095833
0 0.723828 0.155556 0.042969 0.088889
