0 0.044141 0.210417 0.088281 0.187500
0 0.114453 0.832639 0.228906 0.334722
0 0.134375 0.689583 0.254687 0.351389
0 0.575781 0.527778 0.181250 0.316667
0 0.908594 0.690972 0.182812 0.379167
0 0.637891 0.195139 0.066406 0.112500
0 0.731250 0.151389 0.045313 0.086111
0 0.755859 0.186806 0.047656 0.098611
0 0.846094 0.219444 0.065625 0.108333
0 0.753125 0.099306 0.028125 0.056944
0 0.669531 0.066667 0.023438 0.044444
0 0.326172 0.132639 0.067969 0.095833
0 0.407031 0.261806 0.085938 0.162500
0 0.268750 0.299306 0.103125 0.179167
0 0.332031 0.286806 0.087500 0.159722
