0 0.042969 0.218750 0.085938 0.181944
0 0.268750 0.290972 0.114063 0.184722
0 0.332812 0.137500 0.054688 0.102778
0 0.337891 0.285417 0.088281 0.173611
0 0.409375 0.268750 0.093750 0.176389
0 0.636328 0.194444 0.072656 0.125000
0 0.757031 0.189583 0.053125 0.104167
0 0.731641 0.154167 0.044531 0.091667
0 0.749609 0.099306 0.038281 0.065278
0 0.665625 0.072222 0.035937 0.058333
0 0.848047 0.224306 0.074219 0.131944
0 0.909766 0.689583 0.180469 0.381944
0 0.569922 0.515972 0.180469 0.309722
0 0.121484 0.827083 0.242969 0.345833
0 0.131641 0.686806 0.235156 0.393056
