0 0.441797 0.271528 0.096094 0.165278
0 0.366797 0.277083 0.097656 0.184722
0 0.307031 0.306944 0.115625 0.186111
0 0.071484 0.213889 0.096094 0.175000
0 0.353516 0.125000 0.060156 0.108333
0 0.247656 0.038194 0.034375 0.065278
0 0.177734 0.843750 0.319531 0.312500
0 0.221875 0.670139 0.250000 0.312500
0 0.636719 0.533333 0.178125 0.313889
0 0.941797 0.707639 0.116406 0.390278
0 0.664844 0.204861 0.081250 0.126389
0 0.781250 0.189583 0.051562 0.073611
0 0.879297 0.229167 0.077344 0.127778
0 0.753906 0.155556 0.050000 0.094444
0 0.767578 0.100694 0.036719 0.062500
0 0.679297 0.075694 0.030469 0.056944
