0 0.085156 0.220139 0.123438 0.201389
0 0.214453 0.840278 0.338281 0.319444
0 0.236719 0.677778 0.250000 0.322222
0 0.652734 0.550694 0.177344 0.304167
0 0.951172 0.718750 0.097656 0.420833
0 0.326172 0.310417 0.122656 0.184722
0 0.457422 0.268750 0.086719 0.176389
0 0.377734 0.265278 0.102344 0.191667
0 0.360547 0.130556 0.067969 0.113889
0 0.678125 0.199306 0.075000 0.120833
0 0.758984 0.162500 0.044531 0.086111
0 0.790234 0.196528 0.060156 0.109722
0 0.881641 0.229167 0.063281 0.100000
0 0.771484 0.098611 0.032031 0.055556
0 0.683594 0.074306 0.037500 0.062500
