0 0.103516 0.215972 0.116406 0.170833
0 0.370703 0.127083 0.063281 0.129167
0 0.411328 0.291667 0.094531 0.172222
0 0.478125 0.278472 0.090625 0.190278
0 0.347266 0.312500 0.110156 0.183333
0 0.292969 0.692361 0.248437 0.343056
0 0.266016 0.852778 0.350781 0.294444
0 0.700781 0.554861 0.178125 0.323611
0 0.691406 0.198611 0.070312 0.122222
0 0.775000 0.166667 0.056250 0.080556
0 0.804688 0.195139 0.051562 0.084722
0 0.896094 0.235417 0.081250 0.123611
0 0.781641 0.104861 0.033594 0.059722
0 0.690625 0.078472 0.029687 0.045833
