0 0.117578 0.215972 0.102344 0.162500
0 0.051562 0.801389 0.103125 0.397222
0 0.321094 0.868056 0.317187 0.263889
0 0.329688 0.713889 0.245312 0.311111
0 0.723047 0.571528 0.182031 0.320833
0 0.361328 0.318056 0.111719 0.186111
0 0.429297 0.289583 0.083594 0.159722
0 0.484766 0.282639 0.100781 0.165278
0 0.382422 0.132639 0.069531 0.126389
0 0.266406 0.038889 0.039062 0.072222
0 0.696484 0.084722 0.030469 0.061111
0 0.784766 0.109722 0.035156 0.055556
0 0.779688 0.172222 0.046875 0.091667
0 0.807422 0.195833 0.063281 0.105556
0 0.907812 0.240278 0.070312 0.144444
0 0.696484 0.211806 0.077344 0.123611
