0 0.127734 0.215972 0.121094 0.187500
0 0.067578 0.800000 0.135156 0.400000
0 0.339453 0.870139 0.361719 0.259722
0 0.343750 0.739583 0.253125 0.356944
0 0.743359 0.588889 0.217969 0.361111
0 0.368750 0.303472 0.109375 0.201389
0 0.419922 0.280556 0.085156 0.161111
0 0.490234 0.281944 0.102344 0.166667
0 0.385547 0.138194 0.075781 0.120833
0 0.695703 0.087500 0.039844 0.063889
0 0.792188 0.106944 0.037500 0.072222
0 0.786719 0.171528 0.045313 0.068056
0 0.814844 0.210417 0.053125 0.090278
0 0.917578 0.246528 0.075781 0.131944
0 0.704297 0.209028 0.066406 0.123611
