0 0.126953 0.210417 0.103906 0.187500
0 0.387109 0.138194 0.053906 0.112500
0 0.371875 0.316667 0.107813 0.175000
0 0.431250 0.288194 0.087500 0.179167
0 0.500781 0.279861 0.096875 0.193056
0 0.735156 0.562500 0.200000 0.325000
0 0.705078 0.213889 0.077344 0.127778
0 0.787891 0.166667 0.058594 0.094444
0 0.818750 0.208333 0.060938 0.088889
0 0.917188 0.249306 0.076563 0.131944
0 0.789844 0.113889 0.034375 0.050000
0 0.700000 0.086111 0.023438 0.044444
0 0.321094 0.717361 0.206250 0.304167
0 0.339063 0.872222 0.323438 0.255556
0 0.062891 0.795833 0.125781 0.408333
