0 0.033594 0.450694 0.067188 0.268056
0 0.201172 0.257639 0.114844 0.187500
0 0.429297 0.157639 0.057031 0.104167
0 0.469141 0.360417 0.110156 0.184722
0 0.579687 0.329861 0.084375 0.156944
0 0.203906 0.871528 0.304688 0.256944
0 0.622656 0.943750 0.265625 0.112500
0 0.551953 0.837500 0.260156 0.325000
0 0.880859 0.649306 0.185156 0.323611
0 0.964063 0.286111 0.071875 0.136111
0 0.756250 0.236806 0.071875 0.098611
0 0.719141 0.100694 0.027344 0.045833
0 0.816406 0.127083 0.035937 0.059722
0 0.825391 0.199306 0.053906 0.081944
0 0.858984 0.237500 0.069531 0.075000
