0 0.045313 0.450694 0.090625 0.281944
0 0.209766 0.265278 0.114844 0.163889
0 0.255859 0.877778 0.305469 0.244444
0 0.602734 0.852778 0.250781 0.294444
0 0.665625 0.945139 0.253125 0.109722
0 0.907812 0.672917 0.184375 0.298611
0 0.483203 0.373611 0.102344 0.166667
0 0.594141 0.338889 0.092969 0.150000
0 0.439844 0.158333 0.053125 0.105556
0 0.721484 0.098611 0.038281 0.055556
0 0.821094 0.134722 0.028125 0.047222
0 0.831641 0.204861 0.036719 0.073611
0 0.874219 0.245833 0.073437 0.086111
0 0.968359 0.285417 0.063281 0.106944
0 0.761328 0.246528 0.069531 0.115278
