0 0.062109 0.447222 0.124219 0.283333
0 0.230469 0.257639 0.103125 0.170833
0 0.442969 0.161806 0.068750 0.106944
0 0.490625 0.368750 0.100000 0.151389
0 0.607422 0.342361 0.085156 0.151389
0 0.769922 0.244444 0.061719 0.097222
0 0.838281 0.202778 0.053125 0.105556
0 0.876172 0.240972 0.058594 0.104167
0 0.973437 0.281944 0.053125 0.119444
0 0.817578 0.138194 0.030469 0.054167
0 0.724219 0.102083 0.026563 0.056944
0 0.300000 0.040278 0.035937 0.061111
0 0.302734 0.862500 0.289844 0.275000
0 0.634766 0.851389 0.247656 0.297222
0 0.708203 0.945833 0.244531 0.108333
0 0.916406 0.681250 0.167187 0.298611
