0 0.063281 0.439583 0.126563 0.281944
0 0.233984 0.252083 0.113281 0.181944
0 0.449609 0.165278 0.071094 0.113889
0 0.500391 0.365278 0.119531 0.175000
0 0.612500 0.337500 0.090625 0.169444
0 0.771484 0.244444 0.061719 0.119444
0 0.727344 0.100694 0.032812 0.045833
0 0.816406 0.137500 0.040625 0.041667
0 0.837109 0.210417 0.046094 0.093056
0 0.876953 0.244444 0.063281 0.097222
0 0.970703 0.292361 0.058594 0.131944
0 0.301172 0.038194 0.025781 0.065278
0 0.318750 0.856944 0.300000 0.286111
0 0.639844 0.847222 0.235938 0.305556
0 0.720312 0.945833 0.253125 0.108333
0 0.924609 0.671528 0.150781 0.301389
