0 0.248047 0.268750 0.108594 0.176389
0 0.073047 0.457639 0.146094 0.262500
0 0.368359 0.872917 0.282031 0.254167
0 0.680859 0.851389 0.233594 0.297222
0 0.936719 0.680556 0.126563 0.302778
0 0.451953 0.169444 0.053906 0.094444
0 0.307422 0.047222 0.032031 0.052778
0 0.520703 0.382639 0.103906 0.165278
0 0.626562 0.349306 0.082813 0.173611
0 0.779297 0.255556 0.064844 0.100000
0 0.727734 0.108333 0.025781 0.038889
0 0.823438 0.140972 0.031250 0.054167
0 0.844531 0.213889 0.048437 0.075000
0 0.883594 0.250000 0.059375 0.097222
0 0.976172 0.301389 0.047656 0.113889
0 0.770703 0.950694 0.244531 0.098611
