0 0.078516 0.461806 0.149219 0.251389
0 0.253516 0.272917 0.100781 0.168056
0 0.308203 0.050694 0.038281 0.062500
0 0.455859 0.166667 0.055469 0.094444
0 0.520703 0.382639 0.102344 0.168056
0 0.627734 0.348611 0.092969 0.175000
0 0.377344 0.872222 0.273438 0.255556
0 0.687891 0.859028 0.225781 0.281944
0 0.935938 0.687500 0.128125 0.325000
0 0.782422 0.259028 0.058594 0.106944
0 0.844141 0.219444 0.047656 0.069444
0 0.884766 0.256250 0.069531 0.095833
0 0.977734 0.302083 0.044531 0.101389
0 0.823828 0.139583 0.033594 0.059722
0 0.724609 0.106944 0.022656 0.038889
0 0.780469 0.953472 0.240625 0.093056
