0 0.697266 0.860417 0.246094 0.279167
0 0.939062 0.687500 0.121875 0.302778
0 0.387891 0.879861 0.282031 0.240278
0 0.088281 0.465278 0.164062 0.291667
0 0.307422 0.051389 0.039844 0.066667
0 0.457031 0.173611 0.065625 0.108333
0 0.255078 0.267361 0.097656 0.165278
0 0.523828 0.390278 0.103906 0.169444
0 0.630859 0.350694 0.082031 0.151389
0 0.781641 0.263194 0.063281 0.101389
0 0.725000 0.107639 0.028125 0.040278
0 0.824219 0.143056 0.034375 0.063889
0 0.887109 0.251389 0.063281 0.097222
0 0.842969 0.219444 0.045313 0.086111
0 0.980469 0.303472 0.039062 0.109722
0 0.785937 0.952778 0.232812 0.094444
