0 0.256250 0.270833 0.093750 0.152778
0 0.089453 0.465278 0.150781 0.269444
0 0.401953 0.879861 0.269531 0.240278
0 0.710938 0.859028 0.231250 0.281944
0 0.800781 0.947917 0.229687 0.104167
0 0.941406 0.694444 0.117188 0.288889
0 0.532422 0.387500 0.096094 0.166667
0 0.631250 0.351389 0.087500 0.152778
0 0.455078 0.172222 0.060156 0.091667
0 0.725781 0.112500 0.031250 0.050000
0 0.787891 0.263194 0.058594 0.093056
0 0.850000 0.224306 0.046875 0.084722
0 0.889453 0.255556 0.067969 0.097222
0 0.982031 0.302778 0.035937 0.108333
0 0.821875 0.140972 0.034375 0.059722
0 0.308594 0.056250 0.032812 0.065278
