0 0.308984 0.055556 0.035156 0.052778
0 0.262500 0.267361 0.095312 0.156944
0 0.099219 0.465972 0.159375 0.248611
0 0.416406 0.880556 0.273438 0.238889
0 0.716406 0.858333 0.229687 0.283333
0 0.816406 0.953472 0.223438 0.093056
0 0.945703 0.695139 0.108594 0.309722
0 0.532422 0.388194 0.096094 0.165278
0 0.636328 0.355556 0.085156 0.172222
0 0.460156 0.171528 0.050000 0.090278
0 0.726953 0.112500 0.030469 0.047222
0 0.823047 0.140278 0.030469 0.050000
0 0.785937 0.265972 0.067188 0.109722
0 0.849609 0.227778 0.055469 0.083333
0 0.889453 0.253472 0.060156 0.093056
0 0.982031 0.306250 0.035937 0.098611
