0 0.105469 0.466667 0.153125 0.263889
0 0.267578 0.272222 0.096094 0.150000
0 0.308984 0.054167 0.035156 0.058333
0 0.462500 0.175000 0.048437 0.094444
0 0.540234 0.390278 0.099219 0.169444
0 0.637891 0.357639 0.085156 0.151389
0 0.789453 0.265278 0.064844 0.097222
0 0.725391 0.111806 0.027344 0.048611
0 0.823047 0.147917 0.036719 0.045833
0 0.850391 0.221528 0.053906 0.079167
0 0.887500 0.260417 0.064062 0.095833
0 0.982031 0.311806 0.035937 0.104167
0 0.948047 0.694444 0.103906 0.294444
0 0.728516 0.866667 0.228906 0.266667
0 0.430469 0.885417 0.265625 0.229167
