0 0.104687 0.470833 0.160938 0.269444
0 0.265234 0.270833 0.092969 0.152778
0 0.308203 0.052083 0.032031 0.054167
0 0.461328 0.175000 0.052344 0.086111
0 0.539844 0.394444 0.096875 0.169444
0 0.639453 0.354861 0.082031 0.154167
0 0.426172 0.884722 0.267969 0.230556
0 0.731250 0.866667 0.232812 0.266667
0 0.950391 0.692361 0.099219 0.276389
0 0.788672 0.265972 0.060156 0.093056
0 0.850000 0.226389 0.043750 0.080556
0 0.888281 0.260417 0.062500 0.098611
0 0.981250 0.311806 0.037500 0.104167
0 0.726172 0.111111 0.025781 0.044444
0 0.821875 0.145833 0.032812 0.047222
