0 0.551953 0.402778 0.094531 0.166667
0 0.652734 0.359028 0.082031 0.156944
0 0.463281 0.893056 0.273438 0.213889
0 0.763672 0.872222 0.232031 0.255556
0 0.871875 0.968056 0.196875 0.063889
0 0.962500 0.703472 0.075000 0.293056
0 0.125000 0.470139 0.153125 0.229167
0 0.020312 0.581250 0.040625 0.273611
0 0.274219 0.282639 0.093750 0.162500
0 0.467969 0.179861 0.057813 0.098611
0 0.728906 0.118056 0.031250 0.055556
0 0.825000 0.151389 0.028125 0.058333
0 0.794922 0.273611 0.063281 0.102778
0 0.855859 0.234028 0.053906 0.087500
0 0.892187 0.265278 0.054688 0.097222
0 0.983594 0.311806 0.032812 0.098611
