0 0.312109 0.057639 0.035156 0.065278
0 0.280078 0.283333 0.088281 0.155556
0 0.471875 0.179861 0.054688 0.106944
0 0.558203 0.391667 0.117969 0.175000
0 0.655469 0.365278 0.082813 0.177778
0 0.766406 0.863889 0.226562 0.272222
0 0.962891 0.711111 0.074219 0.344444
0 0.475391 0.884722 0.252344 0.230556
0 0.132031 0.481944 0.153125 0.252778
0 0.028125 0.581944 0.056250 0.288889
0 0.801562 0.275000 0.065625 0.111111
0 0.853125 0.224306 0.050000 0.090278
0 0.896875 0.270833 0.068750 0.108333
0 0.984375 0.314583 0.031250 0.104167
0 0.825781 0.151389 0.035937 0.058333
0 0.726953 0.118056 0.021094 0.055556
