0 0.027344 0.596528 0.054688 0.315278
0 0.137500 0.488889 0.145313 0.250000
0 0.284766 0.283333 0.089844 0.172222
0 0.313672 0.057639 0.038281 0.065278
0 0.471484 0.185417 0.057031 0.104167
0 0.563281 0.404167 0.107813 0.172222
0 0.658594 0.367361 0.082813 0.162500
0 0.730469 0.116667 0.026563 0.052778
0 0.801172 0.277083 0.060156 0.106944
0 0.824609 0.153472 0.033594 0.056944
0 0.858203 0.232639 0.044531 0.084722
0 0.897266 0.271528 0.057031 0.095833
0 0.986719 0.317361 0.026563 0.104167
0 0.966797 0.702083 0.066406 0.284722
0 0.785937 0.877778 0.239063 0.244444
0 0.487891 0.888889 0.272656 0.222222
