0 0.140625 0.486111 0.157813 0.250000
0 0.033984 0.590278 0.067969 0.316667
0 0.288281 0.293056 0.101562 0.163889
0 0.312891 0.058333 0.036719 0.069444
0 0.474219 0.191667 0.051562 0.097222
0 0.564062 0.402083 0.096875 0.168056
0 0.666797 0.368750 0.088281 0.159722
0 0.727734 0.115972 0.028906 0.051389
0 0.829297 0.159028 0.036719 0.051389
0 0.804688 0.277778 0.065625 0.116667
0 0.854688 0.235417 0.046875 0.079167
0 0.899609 0.272917 0.058594 0.090278
0 0.983594 0.325694 0.032812 0.109722
0 0.966797 0.720139 0.066406 0.306944
0 0.791016 0.875000 0.261719 0.250000
0 0.500781 0.891667 0.268750 0.216667
