0 0.057422 0.647222 0.114844 0.341667
0 0.177734 0.533333 0.160156 0.263889
0 0.309375 0.318056 0.095312 0.166667
0 0.319531 0.063889 0.034375 0.058333
0 0.487891 0.204167 0.060156 0.094444
0 0.591016 0.440972 0.102344 0.190278
0 0.683594 0.402083 0.096875 0.165278
0 0.570703 0.930556 0.249219 0.138889
0 0.851562 0.912500 0.245312 0.175000
0 0.814844 0.300000 0.057813 0.102778
0 0.730469 0.135417 0.026563 0.048611
0 0.832422 0.171528 0.035156 0.068056
0 0.869531 0.250694 0.050000 0.076389
0 0.910156 0.293056 0.067188 0.100000
