0 0.063672 0.654861 0.127344 0.359722
0 0.183984 0.542361 0.158594 0.270833
0 0.312500 0.321528 0.095312 0.168056
0 0.322656 0.076389 0.037500 0.063889
0 0.490625 0.207639 0.054688 0.098611
0 0.598437 0.444444 0.100000 0.172222
0 0.691797 0.402778 0.088281 0.163889
0 0.589453 0.947222 0.232031 0.105556
0 0.860547 0.918056 0.252344 0.163889
0 0.821484 0.300694 0.067969 0.115278
0 0.911328 0.297917 0.060156 0.104167
0 0.867969 0.256250 0.053125 0.076389
0 0.733203 0.141667 0.033594 0.063889
0 0.835156 0.176389 0.035937 0.069444
