0 0.050000 0.212500 0.100000 0.186111
0 0.132031 0.831944 0.264062 0.336111
0 0.148828 0.686806 0.249219 0.379167
0 0.589844 0.536111 0.162500 0.302778
0 0.914062 0.696528 0.171875 0.381944
0 0.852734 0.225000 0.066406 0.113889
0 0.766406 0.193056 0.054688 0.111111
0 0.735547 0.158333 0.036719 0.072222
0 0.756250 0.093056 0.034375 0.058333
0 0.668750 0.076389 0.026563 0.050000
0 0.642187 0.200000 0.070312 0.125000
0 0.334766 0.129861 0.058594 0.109722
0 0.281641 0.302778 0.111719 0.191667
0 0.419141 0.263194 0.086719 0.165278
0 0.337891 0.265972 0.096094 0.201389
