0 0.036328 0.211806 0.072656 0.184722
0 0.249609 0.302778 0.114844 0.191667
0 0.387891 0.262500 0.088281 0.158333
0 0.316406 0.270139 0.092188 0.181944
0 0.319141 0.123611 0.061719 0.100000
0 0.627734 0.195139 0.061719 0.120833
0 0.660156 0.072222 0.034375 0.047222
0 0.748438 0.099306 0.043750 0.065278
0 0.750781 0.186111 0.060938 0.086111
0 0.839844 0.216667 0.060938 0.102778
0 0.723828 0.152083 0.046094 0.087500
0 0.892969 0.677778 0.206250 0.344444
0 0.551562 0.525000 0.160938 0.302778
0 0.104297 0.698611 0.208594 0.347222
0 0.091797 0.837500 0.183594 0.325000
