0 0.176563 0.240278 0.117188 0.180556
0 0.144922 0.841667 0.289844 0.316667
0 0.514453 0.918750 0.300781 0.162500
0 0.487109 0.820139 0.257031 0.340278
0 0.830469 0.631944 0.178125 0.327778
0 0.433203 0.352083 0.114844 0.184722
0 0.415625 0.153472 0.054688 0.104167
0 0.484766 0.331250 0.091406 0.165278
0 0.548047 0.322222 0.096094 0.172222
0 0.737891 0.232639 0.066406 0.112500
0 0.815234 0.195833 0.055469 0.083333
0 0.847656 0.229861 0.067188 0.112500
0 0.949219 0.265278 0.071875 0.108333
0 0.804688 0.120139 0.037500 0.054167
0 0.714453 0.085417 0.027344 0.059722
