0 0.741797 0.185417 0.061719 0.093056
0 0.830078 0.218056 0.080469 0.119444
0 0.863672 0.688889 0.214844 0.366667
0 0.522266 0.525000 0.157031 0.272222
0 0.617969 0.188889 0.076563 0.125000
0 0.655078 0.068750 0.024219 0.043056
0 0.740234 0.090278 0.039844 0.063889
0 0.308203 0.129167 0.053906 0.088889
0 0.375000 0.267361 0.089062 0.159722
0 0.232422 0.298611 0.107031 0.169444
0 0.297266 0.261806 0.103906 0.193056
0 0.028125 0.214583 0.056250 0.168056
0 0.083594 0.699306 0.165625 0.348611
0 0.066406 0.832639 0.132812 0.334722
