0 0.621484 0.343056 0.082031 0.166667
0 0.929297 0.681250 0.141406 0.306944
0 0.670313 0.853472 0.243750 0.293056
0 0.353906 0.877083 0.287500 0.245833
0 0.076172 0.456250 0.152344 0.273611
0 0.244141 0.265972 0.100781 0.173611
0 0.455469 0.166667 0.056250 0.091667
0 0.304688 0.047222 0.028125 0.052778
0 0.725781 0.107639 0.023438 0.048611
0 0.780078 0.255556 0.060156 0.105556
0 0.846875 0.213194 0.054688 0.087500
0 0.882031 0.256250 0.056250 0.095833
0 0.977344 0.288889 0.045313 0.102778
0 0.821094 0.138889 0.026563 0.050000
0 0.515625 0.381944 0.100000 0.155556
0 0.755859 0.946528 0.241406 0.106944
