0 0.141406 0.211806 0.106250 0.184722
0 0.396094 0.137500 0.071875 0.116667
0 0.387891 0.320833 0.105469 0.175000
0 0.445703 0.308333 0.080469 0.158333
0 0.514063 0.293750 0.087500 0.156944
0 0.758203 0.587500 0.188281 0.313889
0 0.712500 0.214583 0.073437 0.106944
0 0.825000 0.215278 0.053125 0.102778
0 0.793359 0.178472 0.044531 0.070833
0 0.702734 0.085417 0.033594 0.054167
0 0.791797 0.115972 0.038281 0.068056
0 0.923047 0.248611 0.069531 0.119444
0 0.380469 0.747917 0.245312 0.323611
0 0.389062 0.884722 0.320312 0.230556
0 0.085156 0.804167 0.170312 0.391667
