0 0.041797 0.296528 0.083594 0.204167
0 0.108203 0.263889 0.091406 0.197222
0 0.199609 0.131250 0.061719 0.098611
0 0.190234 0.258333 0.094531 0.177778
0 0.502344 0.176389 0.064062 0.100000
0 0.635547 0.145833 0.066406 0.127778
0 0.713672 0.184028 0.060156 0.106944
0 0.220313 0.508333 0.182812 0.302778
0 0.512500 0.644444 0.206250 0.366667
0 0.677344 0.609028 0.182812 0.329167
0 0.941797 0.675000 0.116406 0.386111
0 0.686719 0.070833 0.032812 0.066667
0 0.602344 0.056250 0.029687 0.045833
0 0.154297 0.047917 0.038281 0.051389
