0 0.182031 0.240278 0.100000 0.144444
0 0.417969 0.155556 0.046875 0.108333
0 0.441016 0.347917 0.111719 0.170833
0 0.494531 0.337500 0.089062 0.163889
0 0.555078 0.322917 0.103906 0.181944
0 0.748438 0.238889 0.078125 0.111111
0 0.816406 0.201389 0.065625 0.086111
0 0.851562 0.229167 0.054688 0.105556
0 0.953516 0.271528 0.063281 0.120833
0 0.810938 0.125694 0.029687 0.048611
0 0.715625 0.093750 0.034375 0.059722
0 0.843359 0.640972 0.183594 0.329167
0 0.542188 0.934028 0.275000 0.131944
0 0.498437 0.833333 0.251563 0.322222
0 0.156641 0.853472 0.313281 0.293056
