0 0.244531 0.263889 0.095312 0.155556
0 0.071484 0.453472 0.142969 0.270833
0 0.516016 0.375694 0.099219 0.168056
0 0.452344 0.168056 0.051562 0.091667
0 0.725781 0.106250 0.025000 0.037500
0 0.820703 0.136806 0.033594 0.054167
0 0.779688 0.253472 0.062500 0.104167
0 0.845312 0.213889 0.045313 0.069444
0 0.884766 0.255556 0.058594 0.088889
0 0.977734 0.295833 0.044531 0.113889
0 0.933594 0.684028 0.132812 0.290278
0 0.669141 0.851389 0.241406 0.297222
0 0.349609 0.871528 0.280469 0.256944
0 0.306641 0.051389 0.030469 0.061111
0 0.622266 0.346528 0.082031 0.159722
0 0.756641 0.946528 0.246094 0.106944
