0 0.109375 0.202778 0.110937 0.188889
0 0.373047 0.134722 0.060156 0.113889
0 0.353516 0.304861 0.107031 0.181944
0 0.410547 0.292361 0.091406 0.154167
0 0.476172 0.279861 0.091406 0.162500
0 0.698828 0.547222 0.174219 0.316667
0 0.272266 0.856250 0.321094 0.287500
0 0.291406 0.670833 0.245312 0.322222
0 0.691016 0.200000 0.058594 0.113889
0 0.693359 0.076389 0.039844 0.072222
0 0.783594 0.104167 0.042188 0.061111
0 0.771094 0.167361 0.054688 0.079167
0 0.901953 0.235417 0.074219 0.118056
0 0.804297 0.198611 0.049219 0.091667
