0 0.023047 0.553472 0.046094 0.198611
0 0.071875 0.586111 0.117188 0.200000
0 0.194531 0.929167 0.200000 0.141667
0 0.357031 0.872917 0.156250 0.254167
0 0.468750 0.559028 0.090625 0.156944
0 0.460156 0.231944 0.034375 0.086111
0 0.635156 0.397222 0.065625 0.102778
0 0.771484 0.722917 0.116406 0.195833
0 0.867578 0.663194 0.102344 0.193056
0 0.805078 0.569444 0.083594 0.130556
0 0.771484 0.620833 0.100781 0.138889
0 0.977734 0.498611 0.044531 0.125000
0 0.884766 0.268750 0.028906 0.068056
0 0.989844 0.315278 0.020312 0.052778
