0 0.025781 0.443056 0.051562 0.247222
0 0.187891 0.856944 0.302344 0.286111
0 0.585156 0.942361 0.257812 0.115278
0 0.536719 0.839583 0.251563 0.320833
0 0.869531 0.654861 0.193750 0.320833
0 0.462891 0.361806 0.114844 0.165278
0 0.568750 0.320139 0.098438 0.151389
0 0.750391 0.246528 0.074219 0.101389
0 0.819531 0.200000 0.046875 0.072222
0 0.860156 0.231250 0.059375 0.109722
0 0.961328 0.270139 0.071094 0.129167
0 0.813281 0.121528 0.042188 0.070833
0 0.721484 0.090278 0.032031 0.063889
0 0.425391 0.163889 0.069531 0.116667
0 0.189844 0.265278 0.110937 0.186111
