0 0.049219 0.450694 0.098438 0.293056
0 0.221484 0.263889 0.102344 0.188889
0 0.437891 0.164583 0.058594 0.112500
0 0.485938 0.372917 0.106250 0.168056
0 0.601953 0.333333 0.086719 0.186111
0 0.766797 0.244444 0.060156 0.113889
0 0.835547 0.205556 0.036719 0.083333
0 0.870703 0.247222 0.080469 0.102778
0 0.970703 0.277083 0.058594 0.109722
0 0.817969 0.136111 0.034375 0.072222
0 0.725781 0.102778 0.029687 0.063889
0 0.907031 0.675000 0.185937 0.355556
0 0.608203 0.843056 0.296094 0.313889
0 0.280469 0.858333 0.312500 0.283333
0 0.678125 0.943750 0.260938 0.112500
