0 0.856250 0.902083 0.237500 0.195833
0 0.572266 0.933333 0.246094 0.133333
0 0.055469 0.635417 0.110937 0.354167
0 0.179688 0.527778 0.151562 0.252778
0 0.310937 0.321528 0.093750 0.176389
0 0.318359 0.071528 0.036719 0.059722
0 0.483594 0.207639 0.057813 0.095833
0 0.594922 0.431250 0.105469 0.187500
0 0.691406 0.405556 0.089062 0.180556
0 0.817187 0.303472 0.078125 0.118056
0 0.735156 0.139583 0.029687 0.056944
0 0.871094 0.258333 0.046875 0.100000
0 0.916016 0.295139 0.063281 0.104167
0 0.834766 0.171528 0.032031 0.059722
