0 0.045313 0.447222 0.090625 0.277778
0 0.208984 0.253472 0.114844 0.154167
0 0.433203 0.155556 0.061719 0.111111
0 0.298828 0.045139 0.030469 0.056944
0 0.242578 0.864583 0.296094 0.270833
0 0.580469 0.845139 0.243750 0.309722
0 0.659375 0.936806 0.248437 0.126389
0 0.901563 0.664583 0.176563 0.318056
0 0.478125 0.372917 0.104687 0.165278
0 0.587891 0.329167 0.089844 0.169444
0 0.717188 0.098611 0.034375 0.058333
0 0.812891 0.129167 0.038281 0.072222
0 0.760547 0.245139 0.060156 0.106944
0 0.829297 0.198611 0.052344 0.083333
0 0.866406 0.238194 0.054688 0.109722
0 0.969531 0.295139 0.060938 0.123611
