0 0.041016 0.442361 0.082031 0.287500
0 0.205859 0.258333 0.116406 0.155556
0 0.432031 0.163194 0.082813 0.109722
0 0.466797 0.365278 0.107031 0.152778
0 0.589453 0.336806 0.103906 0.154167
0 0.758203 0.248611 0.064844 0.091667
0 0.828516 0.207639 0.047656 0.079167
0 0.864453 0.236806 0.067969 0.098611
0 0.817969 0.130556 0.034375 0.069444
0 0.721484 0.096528 0.038281 0.054167
0 0.966016 0.284028 0.067969 0.126389
0 0.891016 0.676389 0.188281 0.294444
0 0.567578 0.847222 0.252344 0.305556
0 0.639453 0.947222 0.255469 0.105556
0 0.224219 0.862500 0.306250 0.261111
