0 0.044531 0.600694 0.089062 0.337500
0 0.164453 0.518056 0.167969 0.280556
0 0.299609 0.302778 0.105469 0.180556
0 0.317578 0.065278 0.033594 0.061111
0 0.480078 0.193056 0.058594 0.091667
0 0.576563 0.420139 0.101562 0.168056
0 0.670703 0.381250 0.092969 0.179167
0 0.531250 0.912500 0.257812 0.175000
0 0.823828 0.888194 0.238281 0.223611
0 0.806250 0.284722 0.068750 0.111111
0 0.731250 0.125694 0.020312 0.043056
0 0.829297 0.157639 0.028906 0.048611
0 0.862500 0.241667 0.048437 0.083333
0 0.900000 0.277083 0.064062 0.095833
