0 0.185937 0.079861 0.029687 0.043056
0 0.298828 0.631944 0.225781 0.405556
0 0.499219 0.600694 0.206250 0.362500
0 0.814062 0.675694 0.253125 0.423611
0 0.491016 0.185417 0.074219 0.118056
0 0.704297 0.194444 0.066406 0.113889
0 0.632031 0.160417 0.064062 0.129167
0 0.710156 0.080556 0.045313 0.063889
0 0.633203 0.068750 0.032031 0.056944
0 0.198828 0.147917 0.050781 0.079167
0 0.183203 0.234722 0.072656 0.147222
0 0.132812 0.271528 0.098438 0.159722
0 0.045703 0.283333 0.085156 0.177778
0 0.076953 0.522917 0.153906 0.315278
