0 0.299609 0.127083 0.053906 0.115278
0 0.356250 0.266667 0.093750 0.166667
0 0.500781 0.518750 0.175000 0.293056
0 0.949219 0.650694 0.101562 0.343056
0 0.836328 0.686806 0.225781 0.384722
0 0.604688 0.184028 0.059375 0.115278
0 0.727344 0.170833 0.060938 0.108333
0 0.815625 0.214583 0.064062 0.106944
0 0.735156 0.090972 0.034375 0.048611
0 0.648438 0.071528 0.032812 0.056944
0 0.213281 0.295139 0.114063 0.179167
0 0.279297 0.265278 0.089844 0.186111
0 0.018750 0.220139 0.037500 0.148611
0 0.063281 0.705556 0.126563 0.400000
