0 0.047266 0.234028 0.094531 0.181944
0 0.227344 0.249306 0.121875 0.193056
0 0.170312 0.524306 0.160938 0.279167
0 0.304688 0.544444 0.160938 0.288889
0 0.519531 0.454861 0.129688 0.259722
0 0.618750 0.400694 0.137500 0.226389
0 0.685156 0.469444 0.146875 0.280556
0 0.746875 0.390278 0.132812 0.258333
0 0.852734 0.241667 0.119531 0.169444
0 0.867188 0.123611 0.084375 0.163889
0 0.941797 0.119444 0.088281 0.166667
0 0.466406 0.205556 0.110937 0.161111
0 0.453125 0.115972 0.092188 0.118056
0 0.560938 0.149306 0.106250 0.193056
0 0.729297 0.089583 0.080469 0.129167
0 0.297266 0.062500 0.064844 0.116667
0 0.354688 0.052778 0.078125 0.097222
