0 0.058203 0.222917 0.116406 0.173611
0 0.250391 0.241667 0.117969 0.169444
0 0.186719 0.474306 0.154687 0.248611
0 0.326562 0.497917 0.175000 0.273611
0 0.520703 0.437500 0.119531 0.205556
0 0.619531 0.397222 0.106250 0.241667
0 0.693750 0.465278 0.135937 0.250000
0 0.758984 0.377083 0.111719 0.209722
0 0.864844 0.256944 0.096875 0.161111
0 0.889453 0.148611 0.078906 0.152778
0 0.953906 0.138889 0.092188 0.161111
0 0.752734 0.104861 0.072656 0.118056
0 0.480859 0.190972 0.097656 0.143056
0 0.577734 0.159028 0.083594 0.140278
0 0.470703 0.132639 0.100781 0.148611
0 0.316797 0.070139 0.080469 0.126389
0 0.379687 0.059722 0.076563 0.102778
0 0.605469 0.039583 0.056250 0.073611
