0 0.055078 0.231944 0.108594 0.177778
0 0.241016 0.234028 0.116406 0.190278
0 0.179688 0.481944 0.143750 0.247222
0 0.315234 0.518750 0.182031 0.309722
0 0.531250 0.442361 0.123438 0.248611
0 0.622266 0.389583 0.110156 0.240278
0 0.685156 0.471528 0.125000 0.279167
0 0.757812 0.381944 0.117188 0.200000
0 0.851172 0.215278 0.105469 0.222222
0 0.875781 0.138194 0.068750 0.140278
0 0.952344 0.134722 0.084375 0.152778
0 0.746875 0.106944 0.073437 0.102778
0 0.566406 0.142361 0.095312 0.109722
0 0.476562 0.196528 0.089062 0.148611
0 0.453125 0.119444 0.087500 0.125000
0 0.315234 0.074306 0.072656 0.106944
0 0.378516 0.057639 0.072656 0.095833
