0 0.194531 0.262500 0.121875 0.175000
0 0.138672 0.578472 0.164844 0.284722
0 0.281641 0.599306 0.174219 0.293056
0 0.493750 0.481250 0.151562 0.245833
0 0.586328 0.423611 0.135156 0.252778
0 0.664062 0.501389 0.135937 0.247222
0 0.724219 0.390972 0.148438 0.220833
0 0.824609 0.231944 0.117969 0.155556
0 0.841406 0.105556 0.101562 0.180556
0 0.917188 0.100694 0.090625 0.162500
0 0.703516 0.066667 0.092969 0.130556
0 0.529688 0.134722 0.101562 0.155556
0 0.432422 0.211111 0.105469 0.161111
0 0.424609 0.115278 0.096094 0.130556
0 0.262109 0.059722 0.086719 0.113889
