0 0.183594 0.268056 0.140625 0.208333
0 0.126953 0.588194 0.183594 0.265278
0 0.279297 0.597222 0.169531 0.322222
0 0.483203 0.487500 0.155469 0.252778
0 0.583594 0.411806 0.132812 0.248611
0 0.660547 0.513194 0.135156 0.279167
0 0.726953 0.406944 0.138281 0.230556
0 0.819141 0.233333 0.089844 0.180556
0 0.832812 0.102083 0.090625 0.165278
0 0.908984 0.093750 0.092969 0.148611
0 0.701953 0.063194 0.085156 0.118056
0 0.518750 0.135417 0.090625 0.168056
0 0.430859 0.223611 0.114844 0.163889
0 0.417188 0.134722 0.084375 0.152778
0 0.250391 0.061111 0.094531 0.116667
