0 0.032812 0.255556 0.065625 0.202778
0 0.206641 0.261111 0.116406 0.183333
0 0.148438 0.577778 0.171875 0.319444
0 0.285156 0.570833 0.175000 0.300000
0 0.499609 0.477083 0.132031 0.268056
0 0.591797 0.422222 0.132031 0.238889
0 0.669922 0.488889 0.130469 0.263889
0 0.728516 0.386111 0.133594 0.208333
0 0.827344 0.232639 0.128125 0.193056
0 0.836719 0.107639 0.098438 0.165278
0 0.912109 0.100000 0.117969 0.169444
0 0.716406 0.072917 0.100000 0.131944
0 0.535156 0.130556 0.109375 0.166667
0 0.439453 0.204861 0.108594 0.156944
0 0.432422 0.129861 0.105469 0.165278
0 0.269531 0.070139 0.087500 0.134722
0 0.342187 0.060417 0.096875 0.112500
