0 0.909375 0.641667 0.142188 0.250000
0 0.268359 0.915972 0.227344 0.168056
0 0.249609 0.669444 0.108594 0.202778
0 0.105469 0.690972 0.110937 0.206944
0 0.024219 0.725694 0.048437 0.209722
0 0.014453 0.540278 0.028906 0.094444
0 0.046484 0.461806 0.036719 0.070833
0 0.056250 0.390278 0.018750 0.055556
0 0.271094 0.429861 0.040625 0.068056
0 0.401563 0.389583 0.037500 0.068056
0 0.432813 0.404167 0.043750 0.086111
0 0.423047 0.370833 0.027344 0.055556
0 0.485938 0.290278 0.037500 0.050000
0 0.535547 0.294444 0.028906 0.050000
