0 0.928516 0.629167 0.139844 0.244444
0 0.290625 0.902083 0.198437 0.195833
0 0.274609 0.668056 0.111719 0.191667
0 0.125391 0.676389 0.102344 0.177778
0 0.036719 0.707639 0.073437 0.193056
0 0.028125 0.534028 0.056250 0.126389
0 0.068750 0.451389 0.050000 0.083333
0 0.078906 0.388889 0.029687 0.041667
0 0.291406 0.426389 0.035937 0.108333
0 0.416797 0.380556 0.038281 0.061111
0 0.438281 0.358333 0.035937 0.063889
0 0.452344 0.394444 0.050000 0.083333
0 0.498437 0.277083 0.028125 0.045833
0 0.551562 0.289583 0.023438 0.037500
