0 0.935156 0.627083 0.129688 0.234722
0 0.300781 0.906944 0.206250 0.186111
0 0.280469 0.659028 0.110937 0.181944
0 0.138281 0.673611 0.106250 0.172222
0 0.039453 0.709028 0.078906 0.212500
0 0.008203 0.542361 0.016406 0.137500
0 0.034766 0.509028 0.053906 0.095833
0 0.070312 0.445833 0.043750 0.058333
0 0.081250 0.379167 0.026563 0.041667
0 0.298828 0.420833 0.050781 0.069444
0 0.428906 0.377083 0.040625 0.048611
0 0.455078 0.393750 0.039844 0.059722
0 0.439063 0.347917 0.035937 0.054167
0 0.510938 0.292361 0.021875 0.034722
0 0.561328 0.287500 0.019531 0.033333
