0 0.932813 0.627083 0.134375 0.279167
0 0.312891 0.897222 0.214844 0.205556
0 0.286719 0.655556 0.118750 0.175000
0 0.143359 0.668750 0.110156 0.173611
0 0.042969 0.693056 0.085938 0.188889
0 0.016016 0.545833 0.032031 0.116667
0 0.046094 0.517361 0.054688 0.087500
0 0.085156 0.443750 0.039062 0.087500
0 0.095312 0.389583 0.029687 0.054167
0 0.303906 0.419444 0.057813 0.077778
0 0.439453 0.362500 0.047656 0.061111
0 0.459375 0.375000 0.064062 0.113889
0 0.518750 0.277083 0.042188 0.056944
0 0.564844 0.279167 0.039062 0.061111
