0 0.317578 0.902083 0.202344 0.195833
0 0.936719 0.613194 0.126563 0.240278
0 0.295312 0.652778 0.129688 0.180556
0 0.153906 0.659028 0.110937 0.170833
0 0.049219 0.699306 0.098438 0.179167
0 0.020703 0.538194 0.041406 0.112500
0 0.047266 0.495833 0.060156 0.119444
0 0.089062 0.445139 0.046875 0.068056
0 0.102344 0.363889 0.039062 0.044444
0 0.310937 0.425000 0.051562 0.072222
0 0.473047 0.381944 0.041406 0.058333
0 0.441797 0.366667 0.042969 0.052778
0 0.455859 0.343750 0.038281 0.045833
0 0.516406 0.284028 0.021875 0.043056
0 0.572656 0.275000 0.029687 0.036111
