0 0.938281 0.620833 0.123438 0.250000
0 0.321875 0.903472 0.206250 0.193056
0 0.294922 0.644444 0.114844 0.180556
0 0.150391 0.661806 0.107031 0.176389
0 0.048828 0.694444 0.097656 0.188889
0 0.021875 0.540972 0.043750 0.112500
0 0.048437 0.501389 0.057813 0.108333
0 0.086719 0.438194 0.042188 0.065278
0 0.098828 0.369444 0.032031 0.033333
0 0.315234 0.413194 0.041406 0.059722
0 0.444141 0.370139 0.027344 0.056944
0 0.471484 0.379167 0.044531 0.072222
0 0.458984 0.345833 0.039844 0.052778
0 0.519531 0.268750 0.032812 0.029167
0 0.568359 0.278472 0.021094 0.031944
