0 0.950781 0.620139 0.098438 0.276389
0 0.355469 0.880556 0.226562 0.238889
0 0.323047 0.629167 0.111719 0.186111
0 0.185937 0.636806 0.093750 0.190278
0 0.076953 0.673611 0.108594 0.183333
0 0.035937 0.518750 0.057813 0.129167
0 0.082422 0.481944 0.060156 0.108333
0 0.112109 0.421528 0.044531 0.073611
0 0.128906 0.352778 0.021875 0.044444
0 0.336719 0.406944 0.040625 0.080556
0 0.465234 0.361111 0.033594 0.063889
0 0.496094 0.377083 0.031250 0.068056
0 0.478516 0.335417 0.024219 0.065278
0 0.536719 0.265972 0.015625 0.034722
0 0.596094 0.267361 0.018750 0.048611
