0 0.964063 0.595833 0.071875 0.283333
0 0.384766 0.858333 0.192969 0.283333
0 0.350781 0.603472 0.103125 0.198611
0 0.214062 0.613194 0.104687 0.176389
0 0.107422 0.641667 0.105469 0.169444
0 0.020703 0.614583 0.041406 0.151389
0 0.017188 0.504167 0.034375 0.136111
0 0.062891 0.492361 0.061719 0.129167
0 0.116016 0.468056 0.053906 0.102778
0 0.142969 0.411806 0.037500 0.076389
0 0.145703 0.338889 0.035156 0.061111
0 0.353906 0.390278 0.060938 0.094444
0 0.485547 0.341667 0.044531 0.072222
0 0.516406 0.354861 0.045313 0.098611
0 0.558594 0.255556 0.031250 0.041667
0 0.608203 0.261111 0.017969 0.052778
