0 0.983203 0.553472 0.033594 0.204167
0 0.429297 0.830556 0.188281 0.300000
0 0.384766 0.568750 0.099219 0.156944
0 0.252734 0.570139 0.105469 0.187500
0 0.147266 0.598611 0.108594 0.180556
0 0.046875 0.594444 0.092188 0.169444
0 0.044141 0.474306 0.060156 0.095833
0 0.103516 0.480556 0.060156 0.113889
0 0.144141 0.445139 0.047656 0.095833
0 0.172656 0.386806 0.042188 0.081944
0 0.178906 0.325694 0.025000 0.043056
0 0.386328 0.372222 0.053906 0.083333
0 0.514844 0.332639 0.043750 0.079167
0 0.552344 0.345833 0.045313 0.077778
0 0.528906 0.313889 0.035937 0.075000
0 0.586328 0.243750 0.021094 0.037500
0 0.640234 0.246528 0.019531 0.040278
