0 0.449609 0.807639 0.194531 0.334722
0 0.405859 0.545139 0.110156 0.181944
0 0.274219 0.562500 0.114063 0.188889
0 0.167969 0.588194 0.101562 0.170833
0 0.063672 0.569444 0.088281 0.158333
0 0.018750 0.504861 0.037500 0.126389
0 0.066797 0.463194 0.061719 0.090278
0 0.128125 0.467361 0.059375 0.112500
0 0.157422 0.426389 0.057031 0.097222
0 0.189063 0.378472 0.037500 0.087500
0 0.193750 0.318056 0.034375 0.044444
0 0.403125 0.357639 0.048437 0.084722
0 0.524219 0.320139 0.035937 0.079167
0 0.559766 0.331944 0.046094 0.086111
0 0.545703 0.302083 0.036719 0.070833
0 0.596875 0.231250 0.020312 0.040278
0 0.653516 0.237500 0.027344 0.044444
