0 0.445703 0.813194 0.180469 0.329167
0 0.406250 0.555556 0.129688 0.200000
0 0.272266 0.555556 0.092969 0.188889
0 0.170703 0.590972 0.099219 0.187500
0 0.064844 0.572917 0.096875 0.176389
0 0.019531 0.498611 0.039062 0.150000
0 0.065234 0.464583 0.063281 0.109722
0 0.122266 0.457639 0.044531 0.123611
0 0.158203 0.426389 0.055469 0.119444
0 0.184766 0.381250 0.052344 0.062500
0 0.194141 0.322917 0.016406 0.043056
0 0.400391 0.358333 0.042969 0.083333
0 0.525781 0.323611 0.037500 0.063889
0 0.542969 0.297917 0.029687 0.068056
0 0.563672 0.326389 0.038281 0.072222
0 0.597656 0.234722 0.025000 0.033333
0 0.655859 0.243750 0.027344 0.045833
