0 0.460938 0.802778 0.184375 0.319444
0 0.409766 0.550694 0.100781 0.193056
0 0.280859 0.550694 0.099219 0.173611
0 0.178125 0.581944 0.098438 0.169444
0 0.073047 0.565278 0.092969 0.163889
0 0.020312 0.753472 0.040625 0.251389
0 0.023438 0.488889 0.046875 0.122222
0 0.073828 0.456944 0.060156 0.108333
0 0.128125 0.449306 0.060938 0.101389
0 0.165234 0.422917 0.050781 0.106944
0 0.193359 0.369444 0.042969 0.069444
0 0.199609 0.315278 0.030469 0.050000
0 0.400781 0.357639 0.046875 0.081944
0 0.532812 0.318056 0.037500 0.083333
0 0.546484 0.298611 0.032031 0.072222
0 0.566797 0.328472 0.039844 0.084722
0 0.603125 0.229167 0.021875 0.036111
0 0.660547 0.231250 0.022656 0.043056
