0 0.466406 0.790972 0.204688 0.312500
0 0.426562 0.541667 0.114063 0.163889
0 0.281641 0.913194 0.263281 0.170833
0 0.023828 0.745833 0.047656 0.244444
0 0.188672 0.570833 0.091406 0.158333
0 0.291016 0.550694 0.103906 0.187500
0 0.081250 0.559722 0.096875 0.152778
0 0.032031 0.495833 0.064062 0.125000
0 0.080859 0.457639 0.064844 0.123611
0 0.141016 0.451389 0.052344 0.116667
0 0.173828 0.419444 0.053906 0.105556
0 0.203906 0.370833 0.045313 0.063889
0 0.206250 0.311111 0.032812 0.044444
0 0.414844 0.354167 0.042188 0.088889
0 0.541406 0.313194 0.042188 0.076389
0 0.575781 0.331944 0.045313 0.086111
0 0.555859 0.296528 0.032031 0.068056
0 0.612109 0.233333 0.024219 0.038889
0 0.665625 0.229861 0.017188 0.034722
