0 0.234375 0.291667 0.026563 0.055556
0 0.229687 0.356944 0.040625 0.069444
0 0.201562 0.406250 0.051562 0.101389
0 0.166406 0.423611 0.065625 0.108333
0 0.114453 0.430556 0.074219 0.130556
0 0.050781 0.461806 0.062500 0.123611
0 0.114063 0.531250 0.079687 0.165278
0 0.220703 0.553472 0.097656 0.170833
0 0.318359 0.527778 0.094531 0.161111
0 0.444141 0.515278 0.116406 0.177778
0 0.435547 0.337500 0.053906 0.088889
0 0.560938 0.302083 0.040625 0.081944
0 0.576172 0.268750 0.033594 0.054167
0 0.603906 0.309028 0.037500 0.059722
0 0.630469 0.215972 0.026563 0.037500
0 0.689844 0.214583 0.031250 0.062500
0 0.501172 0.770139 0.189844 0.326389
0 0.041016 0.714583 0.082031 0.245833
0 0.327734 0.902778 0.263281 0.191667
