0 0.518359 0.740278 0.188281 0.302778
0 0.351562 0.893056 0.275000 0.211111
0 0.056250 0.684722 0.112500 0.258333
0 0.243359 0.529861 0.100781 0.173611
0 0.337109 0.515278 0.094531 0.169444
0 0.466797 0.502083 0.107031 0.184722
0 0.138281 0.509028 0.093750 0.148611
0 0.076172 0.450694 0.064844 0.126389
0 0.129688 0.404167 0.065625 0.113889
0 0.190234 0.402778 0.055469 0.116667
0 0.221875 0.384722 0.046875 0.111111
0 0.249219 0.332639 0.043750 0.056944
0 0.248437 0.292361 0.026563 0.029167
0 0.455078 0.328472 0.042969 0.076389
0 0.580469 0.286111 0.040625 0.077778
0 0.598828 0.271528 0.030469 0.059722
0 0.615625 0.300694 0.045313 0.073611
0 0.653125 0.212500 0.017188 0.030556
0 0.708984 0.210417 0.022656 0.037500
