0 0.546094 0.716667 0.178125 0.325000
0 0.380469 0.861111 0.260938 0.275000
0 0.072266 0.663889 0.144531 0.241667
0 0.494531 0.490278 0.109375 0.166667
0 0.361719 0.488889 0.092188 0.175000
0 0.269531 0.512500 0.092188 0.188889
0 0.166406 0.486806 0.085938 0.148611
0 0.107031 0.425694 0.059375 0.118056
0 0.017188 0.420139 0.034375 0.109722
0 0.158594 0.395833 0.057813 0.105556
0 0.215625 0.393750 0.059375 0.104167
0 0.247656 0.370833 0.046875 0.102778
0 0.272656 0.328472 0.035937 0.068056
0 0.273828 0.272222 0.021094 0.038889
0 0.479688 0.310417 0.040625 0.070833
0 0.605078 0.274306 0.038281 0.068056
0 0.639844 0.286111 0.040625 0.069444
0 0.620313 0.264583 0.037500 0.059722
0 0.675000 0.191667 0.025000 0.038889
0 0.735156 0.197917 0.017188 0.037500
