0 0.542969 0.709722 0.176563 0.286111
0 0.382422 0.868056 0.227344 0.258333
0 0.071875 0.658333 0.140625 0.241667
0 0.166016 0.493056 0.083594 0.150000
0 0.267188 0.505556 0.093750 0.172222
0 0.360547 0.493056 0.097656 0.163889
0 0.489844 0.479861 0.101562 0.173611
0 0.017188 0.418750 0.034375 0.104167
0 0.106641 0.430556 0.064844 0.125000
0 0.161719 0.401389 0.062500 0.105556
0 0.213281 0.390972 0.059375 0.095833
0 0.246094 0.370833 0.048437 0.091667
0 0.270703 0.323611 0.042969 0.069444
0 0.273047 0.272917 0.022656 0.040278
0 0.478516 0.315278 0.044531 0.083333
0 0.604688 0.276389 0.039062 0.066667
0 0.642969 0.283333 0.043750 0.077778
0 0.623047 0.261111 0.032031 0.063889
0 0.678125 0.195833 0.020312 0.044444
0 0.735547 0.197917 0.027344 0.051389
