0 0.406641 0.853472 0.241406 0.293056
0 0.567578 0.685417 0.174219 0.290278
0 0.094922 0.635417 0.139844 0.245833
0 0.022266 0.408333 0.044531 0.088889
0 0.131641 0.413889 0.063281 0.105556
0 0.188672 0.481250 0.072656 0.151389
0 0.290625 0.491667 0.096875 0.163889
0 0.383594 0.471528 0.087500 0.151389
0 0.510156 0.470833 0.101562 0.152778
0 0.182422 0.384028 0.055469 0.104167
0 0.233203 0.372917 0.060156 0.106944
0 0.265234 0.344444 0.050781 0.088889
0 0.288281 0.310417 0.035937 0.065278
0 0.296484 0.259722 0.024219 0.033333
0 0.499219 0.305556 0.043750 0.091667
0 0.624609 0.269444 0.038281 0.069444
0 0.633594 0.248611 0.028125 0.058333
0 0.661719 0.281944 0.048437 0.072222
0 0.694531 0.184028 0.020312 0.031944
0 0.751172 0.191667 0.021094 0.033333
