0 0.422266 0.847917 0.232031 0.304167
0 0.588672 0.681250 0.183594 0.295833
0 0.124219 0.626389 0.126563 0.250000
0 0.043359 0.388889 0.064844 0.105556
0 0.149219 0.397917 0.062500 0.104167
0 0.208594 0.452083 0.075000 0.131944
0 0.305859 0.471528 0.097656 0.156944
0 0.397656 0.453472 0.090625 0.151389
0 0.523828 0.454861 0.100781 0.159722
0 0.199609 0.374306 0.066406 0.095833
0 0.253906 0.364583 0.064062 0.090278
0 0.290625 0.349306 0.054688 0.101389
0 0.310937 0.308333 0.037500 0.063889
0 0.306641 0.246528 0.024219 0.045833
0 0.516797 0.284028 0.038281 0.070833
0 0.636328 0.261806 0.042969 0.073611
0 0.652344 0.234722 0.034375 0.055556
0 0.676172 0.276389 0.057031 0.083333
0 0.710156 0.178472 0.021875 0.031944
0 0.769531 0.179167 0.020312 0.033333
