0 0.442969 0.848611 0.220313 0.302778
0 0.602344 0.658333 0.182812 0.302778
0 0.134766 0.602778 0.141406 0.225000
0 0.062109 0.375694 0.078906 0.126389
0 0.161328 0.381944 0.064844 0.122222
0 0.215625 0.448611 0.089062 0.158333
0 0.216406 0.350694 0.068750 0.112500
0 0.273047 0.348611 0.049219 0.100000
0 0.296875 0.334722 0.059375 0.091667
0 0.322266 0.298611 0.044531 0.075000
0 0.323047 0.245833 0.028906 0.041667
0 0.318359 0.465278 0.096094 0.163889
0 0.409766 0.440278 0.092969 0.152778
0 0.541016 0.452083 0.099219 0.156944
0 0.523828 0.277778 0.038281 0.069444
0 0.652734 0.252778 0.039844 0.069444
0 0.663281 0.231250 0.031250 0.070833
0 0.687109 0.264583 0.042969 0.070833
0 0.723437 0.173611 0.023438 0.041667
0 0.781641 0.176389 0.027344 0.038889
