0 0.449609 0.840278 0.227344 0.319444
0 0.606641 0.648611 0.161719 0.288889
0 0.148438 0.593750 0.135937 0.223611
0 0.067578 0.379861 0.067969 0.112500
0 0.170312 0.377778 0.067188 0.105556
0 0.228516 0.446528 0.088281 0.156944
0 0.224609 0.363194 0.058594 0.126389
0 0.272656 0.340278 0.053125 0.097222
0 0.304688 0.331250 0.045313 0.087500
0 0.330078 0.297917 0.042969 0.054167
0 0.330078 0.239583 0.024219 0.045833
0 0.327734 0.449306 0.089844 0.159722
0 0.421094 0.429861 0.095312 0.159722
0 0.550391 0.441667 0.108594 0.183333
0 0.536328 0.279861 0.053906 0.081944
0 0.655469 0.240972 0.032812 0.068056
0 0.674219 0.226389 0.032812 0.050000
0 0.697266 0.261111 0.044531 0.066667
0 0.728516 0.168750 0.033594 0.043056
0 0.789453 0.177778 0.028906 0.038889
