0 0.457422 0.818056 0.241406 0.363889
0 0.608594 0.643750 0.175000 0.295833
0 0.153906 0.580556 0.135937 0.219444
0 0.014062 0.512500 0.028125 0.150000
0 0.072656 0.364583 0.062500 0.123611
0 0.177344 0.380556 0.068750 0.113889
0 0.237891 0.436806 0.094531 0.134722
0 0.233203 0.340278 0.053906 0.080556
0 0.286328 0.345139 0.058594 0.090278
0 0.314844 0.326389 0.048437 0.091667
0 0.332422 0.281944 0.038281 0.063889
0 0.338672 0.240972 0.027344 0.043056
0 0.330859 0.445833 0.097656 0.144444
0 0.424219 0.448611 0.103125 0.150000
0 0.553516 0.442361 0.108594 0.151389
0 0.536328 0.280556 0.053906 0.097222
0 0.669141 0.256250 0.041406 0.062500
0 0.714453 0.263194 0.049219 0.070833
0 0.686328 0.224306 0.033594 0.048611
0 0.743750 0.166667 0.025000 0.025000
0 0.804297 0.173611 0.028906 0.041667
