0 0.501953 0.795139 0.224219 0.409722
0 0.646094 0.605556 0.170312 0.316667
0 0.594141 0.415972 0.102344 0.159722
0 0.458984 0.414583 0.088281 0.154167
0 0.378906 0.433333 0.082813 0.166667
0 0.207813 0.547222 0.123438 0.241667
0 0.033594 0.478472 0.067188 0.190278
0 0.117188 0.348611 0.068750 0.113889
0 0.215234 0.356944 0.066406 0.119444
0 0.273828 0.418750 0.082031 0.137500
0 0.271484 0.329861 0.064844 0.118056
0 0.321484 0.331250 0.055469 0.106944
0 0.349219 0.309028 0.042188 0.095833
0 0.373828 0.265972 0.033594 0.065278
0 0.373047 0.220139 0.028906 0.045833
0 0.571094 0.247222 0.045313 0.061111
0 0.699609 0.234722 0.041406 0.069444
0 0.718359 0.209722 0.032031 0.066667
0 0.737891 0.245833 0.035156 0.075000
0 0.773828 0.150000 0.021094 0.036111
0 0.830859 0.156944 0.032031 0.047222
