0 0.510547 0.785417 0.211719 0.406944
0 0.658203 0.610417 0.158594 0.295833
0 0.595703 0.406250 0.096094 0.184722
0 0.471094 0.404861 0.087500 0.159722
0 0.381641 0.419444 0.089844 0.177778
0 0.209766 0.542361 0.121094 0.220833
0 0.039062 0.480556 0.078125 0.222222
0 0.121484 0.335417 0.052344 0.098611
0 0.223828 0.348611 0.061719 0.113889
0 0.285156 0.403472 0.079687 0.151389
0 0.274609 0.319444 0.053906 0.088889
0 0.326953 0.316667 0.049219 0.105556
0 0.357422 0.302778 0.052344 0.100000
0 0.377734 0.254861 0.036719 0.059722
0 0.578516 0.254861 0.039844 0.068056
0 0.707812 0.229861 0.040625 0.076389
0 0.725391 0.216667 0.033594 0.072222
0 0.747266 0.242361 0.041406 0.068056
0 0.779688 0.155556 0.020312 0.033333
0 0.843359 0.155556 0.021094 0.027778
