0 0.547266 0.659028 0.213281 0.376389
0 0.700391 0.512500 0.161719 0.294444
0 0.262109 0.450000 0.114844 0.213889
0 0.051172 0.406944 0.102344 0.172222
0 0.095703 0.392361 0.082031 0.168056
0 0.175000 0.290278 0.059375 0.094444
0 0.273828 0.299306 0.050781 0.120833
0 0.327734 0.343750 0.072656 0.134722
0 0.329297 0.280556 0.055469 0.113889
0 0.380078 0.274306 0.058594 0.093056
0 0.406250 0.242361 0.039062 0.079167
0 0.428516 0.369444 0.088281 0.183333
0 0.514453 0.350694 0.082031 0.148611
0 0.637109 0.352778 0.105469 0.152778
0 0.624219 0.222917 0.048437 0.079167
0 0.753125 0.197222 0.037500 0.083333
0 0.787891 0.210417 0.044531 0.073611
0 0.423047 0.217361 0.035156 0.056944
