0 0.556250 0.647917 0.206250 0.387500
0 0.706250 0.504167 0.157813 0.294444
0 0.645703 0.347222 0.100781 0.194444
0 0.521484 0.342361 0.091406 0.148611
0 0.430859 0.353472 0.085156 0.154167
0 0.264844 0.444444 0.120312 0.191667
0 0.054297 0.402083 0.096094 0.165278
0 0.099219 0.379167 0.081250 0.155556
0 0.180469 0.284028 0.051562 0.087500
0 0.281250 0.290278 0.053125 0.102778
0 0.337109 0.337500 0.071094 0.122222
0 0.331641 0.293750 0.053906 0.131944
0 0.385547 0.270139 0.067969 0.084722
0 0.408203 0.250694 0.030469 0.090278
0 0.431641 0.220833 0.030469 0.055556
0 0.628516 0.222917 0.041406 0.079167
0 0.760938 0.194444 0.040625 0.072222
0 0.798828 0.197917 0.046094 0.084722
