0 0.558203 0.638889 0.213281 0.375000
0 0.707031 0.494444 0.181250 0.272222
0 0.645703 0.335417 0.096094 0.165278
0 0.521484 0.338889 0.089844 0.150000
0 0.435156 0.343750 0.092188 0.143056
0 0.271094 0.435417 0.125000 0.195833
0 0.062500 0.397917 0.100000 0.176389
0 0.106250 0.373611 0.081250 0.169444
0 0.187891 0.279167 0.057031 0.091667
0 0.283594 0.284722 0.056250 0.108333
0 0.343359 0.338889 0.083594 0.119444
0 0.337891 0.275694 0.067969 0.118056
0 0.385156 0.266667 0.056250 0.105556
0 0.413281 0.240278 0.035937 0.072222
0 0.436719 0.213889 0.032812 0.066667
0 0.631641 0.210417 0.044531 0.070833
0 0.763281 0.184028 0.040625 0.065278
0 0.800781 0.195833 0.053125 0.094444
