0 0.564062 0.606944 0.195312 0.355556
0 0.706641 0.480556 0.155469 0.255556
0 0.653516 0.320833 0.092969 0.158333
0 0.529688 0.327083 0.093750 0.148611
0 0.441406 0.334028 0.085938 0.159722
0 0.278906 0.424306 0.120312 0.215278
0 0.065234 0.379861 0.100781 0.173611
0 0.102734 0.354861 0.094531 0.170833
0 0.190625 0.270833 0.051562 0.105556
0 0.287891 0.275000 0.066406 0.119444
0 0.346094 0.323611 0.079687 0.130556
0 0.342578 0.263194 0.053906 0.112500
0 0.391797 0.248611 0.049219 0.100000
0 0.435156 0.218750 0.043750 0.054167
0 0.640234 0.209028 0.046094 0.084722
0 0.768359 0.184722 0.039844 0.066667
0 0.806641 0.195833 0.053906 0.069444
