0 0.567578 0.590278 0.205469 0.366667
0 0.712500 0.468056 0.165625 0.272222
0 0.657422 0.320139 0.100781 0.154167
0 0.530078 0.324306 0.088281 0.140278
0 0.442187 0.327083 0.098438 0.148611
0 0.278125 0.415972 0.128125 0.212500
0 0.071875 0.368750 0.101562 0.151389
0 0.031641 0.365278 0.063281 0.213889
0 0.123828 0.358333 0.091406 0.163889
0 0.201172 0.265972 0.063281 0.101389
0 0.300781 0.275000 0.062500 0.113889
0 0.356641 0.326389 0.069531 0.116667
0 0.398047 0.250000 0.057031 0.091667
0 0.647656 0.204167 0.045313 0.066667
0 0.448047 0.206944 0.041406 0.055556
0 0.778906 0.184028 0.042188 0.062500
0 0.820312 0.194444 0.039062 0.063889
0 0.421094 0.232639 0.053125 0.062500
0 0.354297 0.245833 0.072656 0.080556
