0 0.573438 0.577778 0.209375 0.366667
0 0.723437 0.441667 0.175000 0.283333
0 0.030859 0.330556 0.061719 0.180556
0 0.086328 0.352778 0.085156 0.169444
0 0.133594 0.328472 0.064062 0.151389
0 0.292188 0.390278 0.112500 0.180556
0 0.212500 0.253472 0.053125 0.095833
0 0.305078 0.245833 0.057031 0.111111
0 0.365625 0.298611 0.073437 0.130556
0 0.360547 0.243750 0.049219 0.109722
0 0.406641 0.230556 0.055469 0.091667
0 0.430469 0.213889 0.034375 0.063889
0 0.455859 0.197222 0.032031 0.061111
0 0.459375 0.316667 0.084375 0.152778
0 0.545313 0.305556 0.081250 0.138889
0 0.670313 0.303472 0.090625 0.148611
0 0.655469 0.194444 0.034375 0.058333
0 0.787891 0.179167 0.035156 0.058333
0 0.821875 0.184028 0.037500 0.062500
