0 0.608203 0.506250 0.217969 0.365278
0 0.757031 0.398611 0.187500 0.275000
0 0.039453 0.444444 0.078906 0.311111
0 0.053906 0.306250 0.085938 0.195833
0 0.132812 0.315972 0.093750 0.156944
0 0.176563 0.286806 0.084375 0.151389
0 0.259375 0.220139 0.059375 0.093056
0 0.329297 0.345833 0.107031 0.194444
0 0.342969 0.218056 0.060938 0.077778
0 0.410156 0.254167 0.070312 0.127778
0 0.502734 0.275000 0.074219 0.133333
0 0.586719 0.277083 0.087500 0.159722
0 0.705078 0.275000 0.110156 0.136111
0 0.699219 0.172222 0.046875 0.077778
0 0.830078 0.159722 0.032031 0.063889
0 0.872266 0.170139 0.050781 0.076389
