0 0.051953 0.438889 0.103906 0.269444
0 0.036719 0.252778 0.073437 0.133333
0 0.085938 0.279167 0.089062 0.141667
0 0.150391 0.289583 0.100781 0.165278
0 0.190234 0.271528 0.082031 0.140278
0 0.268359 0.214583 0.058594 0.093056
0 0.348437 0.338194 0.114063 0.179167
0 0.358984 0.204167 0.055469 0.088889
0 0.417969 0.247917 0.084375 0.131944
0 0.510547 0.272917 0.094531 0.140278
0 0.474609 0.198611 0.060156 0.100000
0 0.600781 0.263194 0.089062 0.143056
0 0.624219 0.504861 0.210938 0.356944
0 0.782031 0.415278 0.173438 0.311111
0 0.725000 0.279167 0.106250 0.188889
0 0.724609 0.176389 0.052344 0.086111
0 0.512891 0.164583 0.032031 0.062500
0 0.847266 0.168750 0.042969 0.073611
0 0.892187 0.168056 0.042188 0.069444
