0 0.660156 0.506944 0.218750 0.375000
0 0.815625 0.389583 0.178125 0.298611
0 0.072656 0.425000 0.145313 0.250000
0 0.110547 0.272222 0.089844 0.127778
0 0.178125 0.282639 0.085938 0.151389
0 0.227734 0.263194 0.072656 0.123611
0 0.297656 0.200694 0.048437 0.073611
0 0.379297 0.327778 0.121094 0.175000
0 0.394531 0.212500 0.048437 0.075000
0 0.446484 0.238889 0.063281 0.108333
0 0.496875 0.201389 0.050000 0.088889
0 0.539844 0.264583 0.090625 0.134722
0 0.629687 0.265278 0.089062 0.152778
0 0.746094 0.168750 0.043750 0.073611
0 0.758203 0.269444 0.107031 0.166667
0 0.883984 0.162500 0.033594 0.075000
0 0.927734 0.168750 0.039844 0.073611
