0 0.077734 0.412500 0.155469 0.269444
0 0.126953 0.265278 0.088281 0.138889
0 0.192578 0.276389 0.100781 0.163889
0 0.242969 0.264583 0.078125 0.140278
0 0.305469 0.201389 0.051562 0.097222
0 0.390625 0.323611 0.115625 0.188889
0 0.404297 0.200694 0.058594 0.095833
0 0.454297 0.240972 0.086719 0.118056
0 0.501172 0.197917 0.057031 0.093056
0 0.548047 0.259028 0.110156 0.165278
0 0.639844 0.262500 0.095312 0.144444
0 0.668750 0.513194 0.225000 0.368056
0 0.836328 0.411111 0.185156 0.300000
0 0.775000 0.282639 0.109375 0.170833
0 0.757812 0.170139 0.045313 0.073611
0 0.898828 0.161806 0.042969 0.070833
0 0.941797 0.172222 0.057031 0.072222
