0 0.076563 0.411806 0.153125 0.245833
0 0.124219 0.268750 0.084375 0.137500
0 0.197656 0.273611 0.084375 0.163889
0 0.237500 0.261111 0.075000 0.138889
0 0.308203 0.195833 0.057031 0.088889
0 0.389453 0.332639 0.125781 0.179167
0 0.402344 0.206944 0.059375 0.100000
0 0.464063 0.249306 0.078125 0.118056
0 0.504687 0.188194 0.054688 0.098611
0 0.551562 0.267361 0.081250 0.165278
0 0.643359 0.261111 0.086719 0.141667
0 0.672266 0.503472 0.205469 0.348611
0 0.829687 0.404861 0.168750 0.290278
0 0.775000 0.275000 0.109375 0.177778
0 0.757422 0.167361 0.050781 0.081944
0 0.897656 0.160417 0.051562 0.068056
0 0.942187 0.166667 0.046875 0.077778
