0 0.112109 0.406250 0.157031 0.226389
0 0.156641 0.268750 0.080469 0.134722
0 0.232422 0.282639 0.086719 0.159722
0 0.270703 0.265278 0.075781 0.150000
0 0.341797 0.200694 0.053906 0.098611
0 0.423828 0.337500 0.114844 0.186111
0 0.434766 0.204167 0.057031 0.100000
0 0.492188 0.246528 0.079687 0.131944
0 0.536328 0.191667 0.055469 0.086111
0 0.578125 0.265972 0.090625 0.151389
0 0.670703 0.261806 0.088281 0.159722
0 0.707812 0.516667 0.212500 0.361111
0 0.864453 0.411806 0.172656 0.301389
0 0.807031 0.277083 0.109375 0.170833
0 0.793750 0.165278 0.051562 0.069444
0 0.923047 0.162500 0.049219 0.069444
0 0.973047 0.168750 0.046094 0.084722
