0 0.116016 0.413889 0.161719 0.255556
0 0.158203 0.266667 0.072656 0.130556
0 0.234375 0.284028 0.081250 0.145833
0 0.270703 0.264583 0.078906 0.145833
0 0.341797 0.197222 0.053906 0.091667
0 0.422266 0.320139 0.107031 0.215278
0 0.431250 0.202083 0.056250 0.098611
0 0.484375 0.243056 0.084375 0.125000
0 0.536328 0.195139 0.055469 0.084722
0 0.583203 0.264583 0.086719 0.165278
0 0.673437 0.268750 0.087500 0.165278
0 0.702734 0.531944 0.221094 0.405556
0 0.868750 0.415972 0.168750 0.301389
0 0.805078 0.279167 0.127344 0.186111
0 0.790234 0.172222 0.047656 0.091667
0 0.928125 0.159722 0.054688 0.080556
0 0.969531 0.157639 0.050000 0.076389
