0 0.729297 0.508333 0.205469 0.386111
0 0.881250 0.418056 0.167187 0.305556
0 0.027734 0.427083 0.055469 0.268056
0 0.134766 0.411111 0.138281 0.250000
0 0.174609 0.276389 0.080469 0.158333
0 0.246484 0.279861 0.085156 0.168056
0 0.292578 0.253472 0.074219 0.154167
0 0.355078 0.202778 0.060156 0.102778
0 0.441797 0.325694 0.114844 0.212500
0 0.443750 0.196528 0.064062 0.098611
0 0.505078 0.247222 0.066406 0.130556
0 0.542578 0.191667 0.047656 0.091667
0 0.598437 0.275000 0.087500 0.155556
0 0.683203 0.255556 0.096094 0.150000
0 0.820312 0.270833 0.107813 0.158333
0 0.805078 0.170833 0.042969 0.069444
0 0.948438 0.159722 0.043750 0.063889
0 0.982813 0.170139 0.034375 0.062500
