0 0.049219 0.432639 0.098438 0.315278
0 0.044922 0.220139 0.061719 0.093056
0 0.173828 0.395139 0.153906 0.248611
0 0.219141 0.263194 0.072656 0.143056
0 0.284375 0.271528 0.075000 0.159722
0 0.317969 0.254861 0.079687 0.148611
0 0.389453 0.191667 0.061719 0.105556
0 0.477344 0.322222 0.104687 0.177778
0 0.484375 0.197917 0.046875 0.093056
0 0.539844 0.236806 0.075000 0.126389
0 0.587891 0.181944 0.057031 0.091667
0 0.635156 0.273611 0.090625 0.152778
0 0.624219 0.156250 0.039062 0.070833
0 0.725000 0.259028 0.087500 0.145833
0 0.764453 0.523611 0.219531 0.377778
0 0.920313 0.412500 0.159375 0.286111
0 0.860547 0.291667 0.130469 0.177778
0 0.838672 0.172222 0.053906 0.080556
0 0.980859 0.157639 0.038281 0.076389
