0 0.069531 0.438194 0.139062 0.351389
0 0.201953 0.394444 0.153906 0.238889
0 0.072656 0.206250 0.057813 0.109722
0 0.238281 0.263194 0.073437 0.126389
0 0.305469 0.274306 0.081250 0.165278
0 0.406641 0.191667 0.047656 0.075000
0 0.496875 0.329167 0.109375 0.219444
0 0.498828 0.201389 0.057031 0.097222
0 0.556250 0.236806 0.078125 0.126389
0 0.598828 0.199306 0.047656 0.104167
0 0.649219 0.259028 0.106250 0.154167
0 0.748047 0.266667 0.099219 0.161111
0 0.788281 0.525694 0.209375 0.381944
0 0.855859 0.159028 0.055469 0.098611
0 0.874609 0.284722 0.108594 0.163889
0 0.929688 0.429861 0.140625 0.309722
