0 0.072656 0.427083 0.145313 0.287500
0 0.216406 0.394444 0.145313 0.244444
0 0.085547 0.209028 0.055469 0.070833
0 0.258984 0.259028 0.075781 0.134722
0 0.325000 0.263194 0.087500 0.156944
0 0.423438 0.190278 0.054688 0.088889
0 0.517578 0.329861 0.116406 0.181944
0 0.516406 0.203472 0.057813 0.101389
0 0.575391 0.229167 0.074219 0.116667
0 0.621875 0.202778 0.050000 0.113889
0 0.671094 0.272917 0.093750 0.156944
0 0.757422 0.261111 0.099219 0.152778
0 0.810938 0.526389 0.212500 0.394444
0 0.877734 0.165972 0.060156 0.081944
0 0.892969 0.293056 0.115625 0.183333
0 0.938672 0.436806 0.122656 0.306944
