0 0.084766 0.429167 0.169531 0.316667
0 0.244141 0.399306 0.155469 0.256944
0 0.106250 0.209028 0.071875 0.101389
0 0.278125 0.258333 0.087500 0.147222
0 0.347656 0.275000 0.081250 0.136111
0 0.443359 0.205556 0.058594 0.097222
0 0.533984 0.325000 0.117969 0.175000
0 0.535937 0.194444 0.056250 0.102778
0 0.597266 0.248611 0.066406 0.113889
0 0.635938 0.185417 0.054688 0.087500
0 0.689062 0.269444 0.087500 0.161111
0 0.783984 0.268750 0.078906 0.137500
0 0.833203 0.521528 0.221094 0.404167
0 0.899219 0.165972 0.048437 0.068056
0 0.919531 0.288889 0.120312 0.172222
0 0.957031 0.454167 0.085938 0.319444
