0 0.058984 0.411111 0.117969 0.258333
0 0.160938 0.411806 0.143750 0.284722
0 0.315625 0.388194 0.132812 0.237500
0 0.174609 0.197222 0.064844 0.108333
0 0.276563 0.299306 0.096875 0.173611
0 0.406641 0.277778 0.075781 0.161111
0 0.500781 0.189583 0.057813 0.101389
0 0.592969 0.339583 0.103125 0.176389
0 0.594141 0.201389 0.069531 0.094444
0 0.642578 0.250000 0.072656 0.119444
0 0.689453 0.188889 0.053906 0.086111
0 0.744531 0.279861 0.092188 0.179167
0 0.839844 0.265278 0.087500 0.161111
0 0.731250 0.158333 0.034375 0.066667
0 0.957812 0.184028 0.045313 0.076389
0 0.960156 0.283333 0.079687 0.161111
0 0.887500 0.535417 0.225000 0.370833
