0 0.070703 0.410417 0.139844 0.223611
0 0.191406 0.419444 0.151562 0.250000
0 0.341016 0.397917 0.132031 0.243056
0 0.192578 0.199306 0.057031 0.093056
0 0.418750 0.273611 0.087500 0.147222
0 0.515625 0.190972 0.045313 0.073611
0 0.611719 0.332639 0.107813 0.198611
0 0.615625 0.202083 0.062500 0.098611
0 0.675391 0.252083 0.072656 0.145833
0 0.765234 0.272222 0.089844 0.166667
0 0.861719 0.287500 0.090625 0.161111
0 0.974609 0.181250 0.050781 0.106944
0 0.970703 0.292361 0.058594 0.151389
0 0.903516 0.545139 0.192969 0.376389
