0 0.923047 0.556944 0.153906 0.402778
0 0.018750 0.279167 0.037500 0.147222
0 0.117188 0.408333 0.134375 0.219444
0 0.114453 0.279861 0.105469 0.179167
0 0.226562 0.411111 0.146875 0.280556
0 0.236328 0.204167 0.061719 0.100000
0 0.377734 0.387500 0.130469 0.211111
0 0.339453 0.280556 0.094531 0.155556
0 0.461719 0.263194 0.087500 0.137500
0 0.544922 0.198611 0.049219 0.083333
0 0.647656 0.337500 0.125000 0.186111
0 0.646875 0.206944 0.054688 0.105556
0 0.705078 0.239583 0.077344 0.131944
0 0.799219 0.274306 0.087500 0.154167
0 0.896484 0.277083 0.099219 0.131944
