0 0.029687 0.277778 0.059375 0.191667
0 0.126953 0.400000 0.130469 0.225000
0 0.135547 0.274306 0.097656 0.145833
0 0.242969 0.405556 0.145313 0.277778
0 0.255078 0.203472 0.053906 0.090278
0 0.392578 0.386806 0.136719 0.209722
0 0.349219 0.279861 0.081250 0.134722
0 0.356250 0.188889 0.070312 0.102778
0 0.418359 0.240278 0.072656 0.130556
0 0.473828 0.270139 0.082031 0.145833
0 0.509766 0.248611 0.080469 0.138889
0 0.566797 0.190972 0.057031 0.098611
0 0.664453 0.333333 0.113281 0.180556
0 0.658203 0.189583 0.067969 0.106944
0 0.724219 0.243056 0.087500 0.138889
0 0.775000 0.196528 0.054688 0.095833
0 0.821484 0.277778 0.086719 0.177778
0 0.916797 0.294444 0.083594 0.144444
0 0.923047 0.570139 0.153906 0.412500
