0 0.062500 0.276389 0.084375 0.138889
0 0.025781 0.393056 0.051562 0.230556
0 0.173047 0.397917 0.138281 0.190278
0 0.285156 0.418056 0.131250 0.225000
0 0.173828 0.279861 0.096094 0.109722
0 0.285156 0.207639 0.060938 0.087500
0 0.429297 0.385417 0.124219 0.176389
0 0.508594 0.279861 0.078125 0.126389
0 0.598437 0.188889 0.062500 0.091667
0 0.703906 0.343750 0.100000 0.165278
0 0.690234 0.209028 0.066406 0.081944
0 0.752344 0.265972 0.076563 0.148611
0 0.852344 0.287500 0.087500 0.150000
0 0.947266 0.291667 0.091406 0.155556
0 0.945703 0.577778 0.108594 0.405556
0 0.796484 0.196528 0.050781 0.084722
