0 0.033594 0.385417 0.067188 0.215278
0 0.073437 0.273611 0.078125 0.144444
0 0.186328 0.382639 0.124219 0.209722
0 0.301953 0.418056 0.147656 0.230556
0 0.453125 0.402083 0.131250 0.198611
0 0.407031 0.291667 0.098438 0.127778
0 0.309766 0.210417 0.066406 0.090278
0 0.523047 0.280556 0.085156 0.144444
0 0.610156 0.191667 0.056250 0.116667
0 0.707812 0.340972 0.101562 0.170833
0 0.705078 0.209028 0.053906 0.101389
0 0.763281 0.243750 0.068750 0.129167
0 0.866797 0.290278 0.094531 0.163889
0 0.819141 0.197917 0.050781 0.093056
0 0.962891 0.293750 0.074219 0.159722
0 0.938672 0.583333 0.122656 0.386111
