0 0.113281 0.386111 0.128125 0.233333
0 0.191797 0.273611 0.078906 0.125000
0 0.296484 0.279167 0.075781 0.111111
0 0.300391 0.392361 0.125781 0.243056
0 0.398828 0.401389 0.124219 0.236111
0 0.400000 0.194444 0.056250 0.097222
0 0.492188 0.297917 0.092188 0.148611
0 0.532031 0.383333 0.106250 0.213889
0 0.610547 0.279167 0.088281 0.133333
0 0.712891 0.213889 0.052344 0.111111
0 0.804297 0.368056 0.108594 0.211111
0 0.813672 0.222917 0.071094 0.106944
0 0.870313 0.271528 0.075000 0.143056
0 0.913281 0.215278 0.053125 0.100000
0 0.968750 0.320139 0.062500 0.170833
