0 0.061719 0.268750 0.089062 0.143056
0 0.069141 0.347222 0.100781 0.172222
0 0.128125 0.386806 0.137500 0.201389
0 0.207813 0.263889 0.081250 0.125000
0 0.310937 0.264583 0.081250 0.140278
0 0.312891 0.387500 0.117969 0.200000
0 0.407813 0.413889 0.135937 0.219444
0 0.423047 0.203472 0.052344 0.104167
0 0.551562 0.404861 0.126563 0.215278
0 0.513281 0.306944 0.085938 0.166667
0 0.628906 0.282639 0.078125 0.151389
0 0.726172 0.208333 0.042969 0.102778
0 0.817578 0.375000 0.108594 0.211111
0 0.821094 0.231250 0.056250 0.120833
0 0.884766 0.281250 0.080469 0.118056
0 0.966797 0.342361 0.066406 0.204167
0 0.931641 0.220833 0.060156 0.091667
