0 0.239063 0.561806 0.184375 0.290278
0 0.376563 0.279861 0.081250 0.104167
0 0.387109 0.369444 0.089844 0.150000
0 0.432031 0.402083 0.098438 0.154167
0 0.488672 0.311806 0.064844 0.131944
0 0.583594 0.338194 0.073437 0.126389
0 0.578125 0.432639 0.104687 0.173611
0 0.664453 0.484722 0.119531 0.208333
0 0.687500 0.277083 0.059375 0.104167
0 0.806641 0.494444 0.124219 0.200000
0 0.778516 0.385417 0.094531 0.134722
0 0.839453 0.372222 0.064844 0.133333
0 0.896484 0.393750 0.086719 0.140278
0 0.949219 0.395833 0.065625 0.119444
