0 0.181250 0.643750 0.185937 0.334722
0 0.301172 0.292361 0.086719 0.123611
0 0.333203 0.395833 0.099219 0.175000
0 0.373047 0.413889 0.103906 0.191667
0 0.428516 0.305556 0.077344 0.125000
0 0.520312 0.340278 0.076563 0.133333
0 0.527734 0.473611 0.105469 0.202778
0 0.616406 0.530556 0.132812 0.222222
0 0.612500 0.269444 0.056250 0.108333
0 0.754297 0.529861 0.132031 0.212500
0 0.705469 0.396528 0.089062 0.145833
0 0.716406 0.321528 0.073437 0.112500
0 0.771094 0.374306 0.059375 0.140278
0 0.833203 0.410417 0.071094 0.148611
0 0.931250 0.326389 0.056250 0.091667
