0 0.176563 0.644444 0.193750 0.366667
0 0.300000 0.300000 0.081250 0.127778
0 0.330078 0.395139 0.097656 0.187500
0 0.375391 0.429861 0.099219 0.198611
0 0.423828 0.300694 0.075781 0.120833
0 0.512109 0.343750 0.080469 0.120833
0 0.527344 0.460417 0.110937 0.204167
0 0.616406 0.526389 0.126563 0.225000
0 0.607031 0.261111 0.057813 0.100000
0 0.751562 0.539583 0.131250 0.215278
0 0.698828 0.381250 0.082031 0.126389
0 0.766406 0.369444 0.068750 0.116667
0 0.826563 0.415278 0.079687 0.133333
0 0.915625 0.316667 0.053125 0.086111
0 0.979688 0.520833 0.040625 0.136111
