0 0.174219 0.670139 0.196875 0.343056
0 0.293359 0.298611 0.078906 0.097222
0 0.320312 0.391667 0.090625 0.163889
0 0.372266 0.436111 0.113281 0.183333
0 0.413281 0.309028 0.065625 0.123611
0 0.510938 0.341667 0.076563 0.125000
0 0.530078 0.466667 0.096094 0.188889
0 0.613672 0.519444 0.122656 0.230556
0 0.605859 0.256944 0.050781 0.105556
0 0.698828 0.388194 0.082031 0.120833
0 0.754297 0.533333 0.116406 0.211111
0 0.705078 0.306944 0.058594 0.105556
0 0.764063 0.368056 0.070312 0.111111
0 0.822656 0.407639 0.079687 0.129167
0 0.926172 0.325694 0.047656 0.084722
