0 0.179688 0.693750 0.226562 0.393056
0 0.255469 0.282639 0.076563 0.134722
0 0.347266 0.434028 0.130469 0.193056
0 0.381250 0.290972 0.068750 0.123611
0 0.482031 0.338889 0.078125 0.127778
0 0.522266 0.472222 0.099219 0.222222
0 0.615234 0.520139 0.127344 0.226389
0 0.560156 0.245833 0.051562 0.097222
0 0.668750 0.376389 0.089062 0.150000
0 0.750000 0.523611 0.128125 0.216667
0 0.659375 0.288889 0.060938 0.116667
0 0.734766 0.346528 0.063281 0.106944
0 0.811328 0.386806 0.078906 0.131944
0 0.881250 0.287500 0.051562 0.100000
0 0.976172 0.339583 0.047656 0.106944
0 0.975000 0.539583 0.050000 0.256944
