0 0.192578 0.736111 0.255469 0.455556
0 0.232031 0.277083 0.078125 0.131944
0 0.275781 0.392361 0.096875 0.212500
0 0.340234 0.442361 0.125781 0.204167
0 0.366797 0.302778 0.075781 0.138889
0 0.470313 0.329167 0.095312 0.136111
0 0.515625 0.471528 0.125000 0.251389
0 0.532422 0.232639 0.058594 0.079167
0 0.619531 0.513889 0.132812 0.275000
0 0.632812 0.266667 0.065625 0.100000
0 0.663672 0.346528 0.086719 0.156944
0 0.721484 0.332639 0.071094 0.109722
0 0.785937 0.365972 0.090625 0.151389
0 0.745313 0.528472 0.139062 0.223611
0 0.847266 0.262500 0.074219 0.102778
0 0.959375 0.335417 0.068750 0.123611
0 0.975391 0.529861 0.049219 0.184722
