0 0.199609 0.764583 0.249219 0.465278
0 0.217969 0.275694 0.082813 0.156944
0 0.277344 0.396528 0.104687 0.204167
0 0.347656 0.447222 0.131250 0.222222
0 0.344141 0.282639 0.069531 0.109722
0 0.457812 0.327778 0.093750 0.147222
0 0.523438 0.481250 0.125000 0.231944
0 0.632422 0.515972 0.127344 0.256944
0 0.760156 0.530556 0.125000 0.241667
0 0.517578 0.216667 0.049219 0.094444
0 0.612500 0.266667 0.054688 0.094444
0 0.655469 0.361111 0.081250 0.141667
0 0.705469 0.318056 0.073437 0.130556
0 0.780469 0.376389 0.084375 0.150000
0 0.825391 0.256944 0.057031 0.094444
0 0.932422 0.311111 0.049219 0.094444
0 0.978125 0.507639 0.043750 0.173611
0 0.978516 0.309028 0.042969 0.098611
