0 0.207422 0.782639 0.252344 0.429167
0 0.205859 0.277083 0.094531 0.151389
0 0.271094 0.397917 0.118750 0.206944
0 0.338672 0.450694 0.132031 0.226389
0 0.343750 0.273611 0.067188 0.141667
0 0.451953 0.315972 0.088281 0.151389
0 0.519141 0.473611 0.124219 0.244444
0 0.508594 0.218056 0.056250 0.113889
0 0.593750 0.200694 0.054688 0.081944
0 0.615625 0.260417 0.062500 0.118056
0 0.657812 0.353472 0.082813 0.131944
0 0.638281 0.522222 0.143750 0.269444
0 0.757812 0.529861 0.146875 0.256944
0 0.685938 0.260417 0.067188 0.090278
0 0.704297 0.327083 0.071094 0.123611
0 0.777344 0.368750 0.071875 0.159722
0 0.826172 0.257639 0.057031 0.073611
0 0.931641 0.308333 0.057031 0.111111
0 0.977734 0.309028 0.044531 0.118056
0 0.978906 0.499306 0.042188 0.156944
