0 0.214062 0.783333 0.260938 0.408333
0 0.206250 0.286111 0.096875 0.169444
0 0.271484 0.407639 0.113281 0.220833
0 0.335156 0.444444 0.121875 0.236111
0 0.341797 0.278472 0.075781 0.129167
0 0.453125 0.324306 0.084375 0.145833
0 0.520312 0.466667 0.121875 0.225000
0 0.510156 0.225694 0.068750 0.120833
0 0.582031 0.204861 0.048437 0.095833
0 0.611328 0.265278 0.066406 0.119444
0 0.653125 0.354861 0.078125 0.140278
0 0.633203 0.515972 0.133594 0.293056
0 0.768750 0.536806 0.139062 0.268056
0 0.703125 0.322222 0.076563 0.125000
0 0.686719 0.262500 0.059375 0.094444
0 0.781250 0.361111 0.082813 0.150000
0 0.820312 0.265278 0.070312 0.105556
0 0.923828 0.301389 0.058594 0.105556
0 0.976953 0.323611 0.046094 0.105556
0 0.980078 0.511111 0.039844 0.177778
