0 0.227344 0.804861 0.260938 0.387500
0 0.198437 0.291667 0.090625 0.163889
0 0.271094 0.415278 0.112500 0.227778
0 0.337500 0.463889 0.118750 0.272222
0 0.341406 0.276389 0.075000 0.150000
0 0.453125 0.325694 0.089062 0.170833
0 0.521875 0.479861 0.131250 0.231944
0 0.498828 0.211806 0.066406 0.104167
0 0.642578 0.531250 0.139844 0.262500
0 0.776563 0.542361 0.132812 0.240278
0 0.654297 0.360417 0.078906 0.137500
0 0.607422 0.268750 0.057031 0.106944
0 0.580469 0.204861 0.053125 0.095833
0 0.679688 0.265278 0.081250 0.094444
0 0.702734 0.328472 0.078906 0.104167
0 0.770703 0.364583 0.085156 0.126389
0 0.813281 0.243750 0.051562 0.095833
0 0.919922 0.308333 0.063281 0.111111
0 0.969922 0.293750 0.057031 0.073611
0 0.980078 0.512500 0.039844 0.188889
