0 0.181641 0.292361 0.091406 0.156944
0 0.275781 0.839583 0.282813 0.318056
0 0.268750 0.443056 0.139062 0.241667
0 0.312500 0.272222 0.070312 0.133333
0 0.442187 0.331250 0.081250 0.156944
0 0.474219 0.195833 0.067188 0.111111
0 0.547656 0.503472 0.121875 0.256944
0 0.336328 0.479167 0.139844 0.233333
0 0.670703 0.570139 0.139844 0.256944
0 0.801953 0.568056 0.128906 0.213889
0 0.648828 0.366667 0.083594 0.147222
0 0.548047 0.192361 0.042969 0.076389
0 0.588672 0.264583 0.064844 0.106944
0 0.655859 0.245833 0.053906 0.083333
0 0.773438 0.373611 0.079687 0.152778
0 0.785937 0.243056 0.057813 0.091667
0 0.904297 0.295833 0.061719 0.105556
0 0.951172 0.287500 0.047656 0.100000
