0 0.174609 0.291667 0.103906 0.175000
0 0.276172 0.852778 0.280469 0.291667
0 0.264062 0.436806 0.110937 0.215278
0 0.346875 0.480556 0.125000 0.230556
0 0.314063 0.282639 0.070312 0.140278
0 0.442187 0.332639 0.098438 0.162500
0 0.475391 0.198611 0.069531 0.108333
0 0.537109 0.514583 0.130469 0.243056
0 0.669531 0.558333 0.143750 0.275000
0 0.796875 0.557639 0.128125 0.245833
0 0.649609 0.368056 0.088281 0.150000
0 0.768750 0.367361 0.087500 0.162500
0 0.589063 0.257639 0.060938 0.095833
0 0.551172 0.198611 0.046094 0.083333
0 0.655859 0.254861 0.058594 0.087500
0 0.787109 0.241667 0.057031 0.102778
0 0.903125 0.298611 0.062500 0.127778
0 0.952344 0.292361 0.057813 0.104167
