0 0.158984 0.293056 0.094531 0.172222
0 0.315625 0.864583 0.293750 0.268056
0 0.267188 0.454861 0.126563 0.254167
0 0.348047 0.474306 0.132031 0.231944
0 0.301953 0.286111 0.075781 0.136111
0 0.433203 0.327778 0.080469 0.163889
0 0.455078 0.192361 0.058594 0.081944
0 0.531250 0.179167 0.045313 0.075000
0 0.571875 0.254861 0.073437 0.118056
0 0.546094 0.503472 0.139062 0.256944
0 0.688281 0.590972 0.146875 0.259722
0 0.813281 0.562500 0.125000 0.225000
0 0.642969 0.371528 0.085938 0.187500
0 0.757812 0.372917 0.079687 0.154167
0 0.768359 0.231250 0.047656 0.090278
0 0.888281 0.284722 0.059375 0.094444
0 0.933984 0.279167 0.049219 0.100000
0 0.979297 0.287500 0.041406 0.086111
0 0.979688 0.370833 0.040625 0.094444
