0 0.131641 0.286806 0.110156 0.156944
0 0.405469 0.892361 0.292188 0.212500
0 0.266406 0.451389 0.137500 0.236111
0 0.273438 0.267361 0.084375 0.118056
0 0.357422 0.490278 0.144531 0.272222
0 0.416406 0.306250 0.079687 0.162500
0 0.429297 0.175694 0.067969 0.106944
0 0.495703 0.157639 0.036719 0.073611
0 0.528516 0.179167 0.044531 0.083333
0 0.540625 0.225000 0.050000 0.091667
0 0.569531 0.512500 0.129688 0.238889
0 0.714844 0.579861 0.143750 0.248611
0 0.824609 0.540972 0.130469 0.234722
0 0.630469 0.347917 0.078125 0.156944
0 0.617969 0.228472 0.059375 0.112500
0 0.744531 0.343750 0.082813 0.145833
0 0.731250 0.197222 0.045313 0.091667
0 0.849219 0.247222 0.062500 0.088889
0 0.893359 0.246528 0.055469 0.084722
0 0.961328 0.262500 0.060156 0.102778
0 0.966797 0.352083 0.066406 0.123611
