0 0.114844 0.285417 0.112500 0.173611
0 0.259766 0.261111 0.089844 0.144444
0 0.262891 0.456250 0.139844 0.268056
0 0.366406 0.487500 0.140625 0.275000
0 0.478125 0.891667 0.298438 0.213889
0 0.402344 0.300694 0.090625 0.154167
0 0.386719 0.148611 0.050000 0.086111
0 0.463672 0.138889 0.050781 0.088889
0 0.495703 0.152778 0.053906 0.094444
0 0.523438 0.215278 0.073437 0.111111
0 0.587891 0.203472 0.057031 0.115278
0 0.628516 0.270139 0.082031 0.109722
0 0.610547 0.331250 0.091406 0.137500
0 0.572266 0.496528 0.146094 0.226389
0 0.720312 0.561111 0.146875 0.255556
0 0.831641 0.527778 0.133594 0.233333
0 0.730469 0.318056 0.079687 0.130556
0 0.702344 0.181944 0.056250 0.088889
0 0.825000 0.229861 0.059375 0.093056
0 0.862891 0.215278 0.052344 0.111111
0 0.903125 0.154861 0.040625 0.062500
0 0.915234 0.227083 0.074219 0.095833
0 0.947266 0.312500 0.091406 0.136111
0 0.975391 0.458333 0.049219 0.186111
