0 0.117969 0.285417 0.115625 0.179167
0 0.253516 0.252083 0.089844 0.145833
0 0.260938 0.454861 0.139062 0.262500
0 0.360156 0.481250 0.140625 0.273611
0 0.485547 0.875000 0.316406 0.247222
0 0.407031 0.307639 0.095312 0.162500
0 0.388672 0.154167 0.061719 0.105556
0 0.464453 0.131944 0.039844 0.091667
0 0.499609 0.156944 0.050781 0.094444
0 0.526953 0.200694 0.049219 0.120833
0 0.592578 0.206250 0.069531 0.112500
0 0.640625 0.272222 0.070312 0.116667
0 0.615234 0.327778 0.085156 0.136111
0 0.574609 0.500694 0.139844 0.251389
0 0.720312 0.549306 0.156250 0.273611
0 0.834375 0.525694 0.120312 0.262500
0 0.730469 0.313889 0.101562 0.147222
0 0.705469 0.178472 0.051562 0.098611
0 0.822656 0.231250 0.068750 0.101389
0 0.864844 0.208333 0.048437 0.097222
0 0.897656 0.161806 0.039062 0.065278
0 0.903516 0.214583 0.057031 0.095833
0 0.953516 0.315278 0.089844 0.119444
0 0.976953 0.453472 0.046094 0.162500
