0 0.107813 0.282639 0.114063 0.181944
0 0.250781 0.252778 0.090625 0.136111
0 0.400781 0.299306 0.092188 0.168056
0 0.260938 0.450694 0.142188 0.245833
0 0.367578 0.473611 0.127344 0.238889
0 0.492969 0.897917 0.292188 0.201389
0 0.581641 0.491667 0.132031 0.233333
0 0.380859 0.143056 0.064844 0.086111
0 0.451953 0.131944 0.038281 0.086111
0 0.492578 0.142361 0.053906 0.087500
0 0.517187 0.204861 0.068750 0.101389
0 0.587500 0.202778 0.051562 0.094444
0 0.618750 0.303472 0.085938 0.123611
0 0.728906 0.320139 0.100000 0.143056
0 0.724219 0.553472 0.159375 0.265278
0 0.839844 0.504861 0.107813 0.215278
0 0.694922 0.174306 0.057031 0.081944
0 0.814844 0.224306 0.064062 0.101389
0 0.861328 0.209028 0.050781 0.087500
0 0.883203 0.148611 0.033594 0.055556
0 0.914844 0.208333 0.064062 0.075000
0 0.950781 0.322222 0.085938 0.122222
0 0.979297 0.447222 0.041406 0.147222
