0 0.082422 0.272917 0.125781 0.190278
0 0.226562 0.241667 0.100000 0.127778
0 0.255078 0.443056 0.135156 0.258333
0 0.367188 0.470833 0.145313 0.277778
0 0.387109 0.279861 0.094531 0.170833
0 0.353125 0.125000 0.068750 0.091667
0 0.425000 0.113889 0.043750 0.080556
0 0.454688 0.124306 0.051562 0.084722
0 0.488281 0.173611 0.068750 0.113889
0 0.555078 0.175694 0.050781 0.098611
0 0.598828 0.297917 0.080469 0.165278
0 0.572266 0.469444 0.144531 0.247222
0 0.664062 0.150000 0.050000 0.091667
0 0.707031 0.270139 0.079687 0.134722
0 0.739062 0.534028 0.142188 0.268056
0 0.553906 0.895139 0.281250 0.206944
0 0.837891 0.486806 0.132031 0.248611
0 0.786328 0.189583 0.055469 0.090278
0 0.830469 0.186806 0.053125 0.095833
0 0.876172 0.181944 0.044531 0.091667
0 0.923828 0.280556 0.083594 0.130556
0 0.968750 0.412500 0.062500 0.172222
