0 0.078516 0.268750 0.121094 0.184722
0 0.218359 0.237500 0.116406 0.152778
0 0.261719 0.430556 0.150000 0.236111
0 0.362109 0.468056 0.139844 0.238889
0 0.377734 0.284028 0.099219 0.170833
0 0.340625 0.126389 0.060938 0.108333
0 0.410547 0.102083 0.038281 0.090278
0 0.446484 0.118750 0.057031 0.090278
0 0.487109 0.174306 0.057031 0.106944
0 0.550781 0.170833 0.064062 0.088889
0 0.592188 0.288889 0.100000 0.163889
0 0.569141 0.461111 0.146094 0.219444
0 0.569141 0.893056 0.300781 0.208333
0 0.653125 0.136806 0.045313 0.084722
0 0.703516 0.270139 0.082031 0.148611
0 0.732813 0.520833 0.135937 0.250000
0 0.837500 0.461111 0.112500 0.216667
0 0.780078 0.179167 0.069531 0.080556
0 0.820703 0.184028 0.044531 0.106944
0 0.864844 0.173611 0.056250 0.083333
0 0.908203 0.268056 0.075781 0.113889
0 0.970703 0.402778 0.058594 0.158333
