0 0.075781 0.268750 0.110937 0.184722
0 0.224219 0.233333 0.098438 0.141667
0 0.251172 0.447222 0.135156 0.272222
0 0.364844 0.484722 0.151562 0.263889
0 0.381641 0.270833 0.083594 0.158333
0 0.341016 0.125694 0.085156 0.095833
0 0.408594 0.091667 0.042188 0.083333
0 0.448438 0.123611 0.043750 0.075000
0 0.482031 0.186111 0.067188 0.108333
0 0.548828 0.168750 0.046094 0.093056
0 0.592969 0.290972 0.090625 0.162500
0 0.576953 0.482639 0.133594 0.245833
0 0.649609 0.138194 0.049219 0.076389
0 0.704297 0.283333 0.083594 0.152778
0 0.730469 0.525000 0.154687 0.275000
0 0.827344 0.468750 0.125000 0.212500
0 0.775781 0.180556 0.057813 0.094444
0 0.821094 0.168750 0.043750 0.087500
0 0.866406 0.179861 0.050000 0.101389
0 0.910937 0.271528 0.079687 0.104167
0 0.968359 0.413889 0.063281 0.177778
0 0.573828 0.893056 0.308594 0.211111
