0 0.066797 0.258333 0.099219 0.158333
0 0.216016 0.228472 0.091406 0.137500
0 0.251953 0.430556 0.130469 0.236111
0 0.364844 0.475000 0.154687 0.263889
0 0.371094 0.268056 0.092188 0.144444
0 0.328906 0.123611 0.065625 0.102778
0 0.398047 0.101389 0.047656 0.105556
0 0.440234 0.107639 0.039844 0.093056
0 0.479297 0.166667 0.061719 0.122222
0 0.539844 0.161806 0.057813 0.118056
0 0.588672 0.288889 0.085156 0.147222
0 0.569141 0.468750 0.146094 0.231944
0 0.594531 0.890278 0.321875 0.211111
0 0.732031 0.516667 0.154687 0.269444
0 0.642187 0.132639 0.054688 0.095833
0 0.696875 0.267361 0.084375 0.173611
0 0.767187 0.170833 0.054688 0.088889
0 0.807813 0.174306 0.050000 0.093056
0 0.823828 0.103472 0.038281 0.059722
0 0.858984 0.172917 0.067969 0.118056
0 0.900781 0.258333 0.084375 0.152778
0 0.958203 0.386806 0.083594 0.215278
0 0.831250 0.470139 0.129688 0.240278
