0 0.733203 0.844444 0.325781 0.308333
0 0.350781 0.399306 0.179688 0.270833
0 0.230859 0.379861 0.135156 0.259722
0 0.032422 0.240278 0.064844 0.202778
0 0.128125 0.193750 0.100000 0.170833
0 0.222266 0.046528 0.064844 0.093056
0 0.302344 0.190278 0.090625 0.144444
0 0.337891 0.044444 0.049219 0.088889
0 0.385156 0.085417 0.054688 0.115278
0 0.455078 0.090278 0.069531 0.133333
0 0.525000 0.199306 0.095312 0.140278
0 0.551172 0.362500 0.111719 0.200000
0 0.539844 0.038889 0.040625 0.066667
0 0.629687 0.167361 0.090625 0.154167
0 0.715625 0.397222 0.145313 0.261111
0 0.678125 0.070833 0.042188 0.088889
0 0.812500 0.131250 0.056250 0.118056
0 0.763281 0.082639 0.071875 0.148611
0 0.909766 0.268056 0.125781 0.188889
0 0.945312 0.050000 0.053125 0.086111
