0 0.733594 0.872222 0.285937 0.252778
0 0.117578 0.173611 0.107031 0.169444
0 0.214453 0.393750 0.139844 0.279167
0 0.346094 0.437500 0.154687 0.280556
0 0.295703 0.205556 0.110156 0.188889
0 0.210156 0.043750 0.075000 0.073611
0 0.315625 0.037500 0.057813 0.061111
0 0.371875 0.072222 0.059375 0.111111
0 0.442187 0.069444 0.067188 0.108333
0 0.518750 0.179861 0.089062 0.134722
0 0.525000 0.029167 0.050000 0.058333
0 0.611328 0.145139 0.083594 0.134722
0 0.553516 0.370833 0.135156 0.238889
0 0.704687 0.406944 0.137500 0.230556
0 0.656250 0.059028 0.056250 0.093056
0 0.786328 0.338194 0.108594 0.204167
0 0.737500 0.042361 0.054688 0.073611
0 0.796875 0.134028 0.064062 0.134722
0 0.905469 0.252778 0.081250 0.158333
0 0.940625 0.164583 0.073437 0.137500
0 0.921484 0.025694 0.032031 0.051389
