0 0.930859 0.628472 0.138281 0.265278
0 0.284375 0.896528 0.223438 0.206944
0 0.271484 0.668056 0.117969 0.205556
0 0.125000 0.675694 0.109375 0.181944
0 0.033984 0.708333 0.067969 0.197222
0 0.026172 0.527083 0.050781 0.123611
0 0.063281 0.457639 0.046875 0.070833
0 0.077734 0.390278 0.024219 0.041667
0 0.285547 0.430556 0.053906 0.080556
0 0.424219 0.384028 0.037500 0.062500
0 0.436719 0.360417 0.039062 0.056944
0 0.451953 0.396528 0.047656 0.059722
0 0.499609 0.287500 0.024219 0.044444
0 0.554297 0.288889 0.025781 0.038889
