0 0.096094 0.539583 0.192188 0.398611
0 0.297656 0.350000 0.126563 0.200000
0 0.347656 0.243750 0.075000 0.123611
0 0.454297 0.365278 0.107031 0.211111
0 0.446484 0.253472 0.074219 0.123611
0 0.549219 0.388889 0.118750 0.225000
0 0.545703 0.202083 0.057031 0.098611
0 0.682813 0.397917 0.110937 0.229167
0 0.639844 0.282639 0.064062 0.129167
0 0.701953 0.256250 0.067969 0.148611
0 0.765625 0.295139 0.060938 0.123611
0 0.856641 0.218750 0.042969 0.087500
0 0.950781 0.396528 0.098438 0.220833
0 0.962891 0.242361 0.052344 0.079167
