0 0.378516 0.865972 0.253906 0.265278
0 0.538281 0.718750 0.178125 0.320833
0 0.488281 0.478472 0.109375 0.181944
0 0.357812 0.495833 0.100000 0.183333
0 0.260547 0.512500 0.099219 0.180556
0 0.072656 0.668056 0.145313 0.255556
0 0.162500 0.508333 0.103125 0.169444
0 0.012500 0.425694 0.025000 0.095833
0 0.096484 0.435417 0.055469 0.120833
0 0.149609 0.404167 0.064844 0.088889
0 0.208203 0.397917 0.053906 0.093056
0 0.240625 0.379861 0.045313 0.084722
0 0.267969 0.329861 0.040625 0.056944
0 0.266797 0.277083 0.024219 0.037500
0 0.475000 0.314583 0.042188 0.070833
0 0.602344 0.284722 0.035937 0.058333
0 0.637500 0.291667 0.045313 0.072222
0 0.612109 0.260417 0.033594 0.054167
0 0.671875 0.197917 0.020312 0.034722
0 0.725781 0.206250 0.018750 0.040278
