0 0.969922 0.579861 0.060156 0.254167
0 0.389062 0.854167 0.207813 0.291667
0 0.362891 0.590972 0.111719 0.184722
0 0.223828 0.604167 0.102344 0.216667
0 0.112500 0.639583 0.109375 0.176389
0 0.028125 0.612500 0.056250 0.163889
0 0.023047 0.510417 0.036719 0.120833
0 0.072656 0.499306 0.064062 0.134722
0 0.117578 0.454167 0.055469 0.111111
0 0.146484 0.413889 0.041406 0.094444
0 0.154687 0.351389 0.039062 0.055556
0 0.362109 0.395833 0.058594 0.105556
0 0.487500 0.341667 0.029687 0.088889
0 0.505859 0.314583 0.036719 0.076389
0 0.525391 0.363889 0.052344 0.091667
0 0.564453 0.260417 0.033594 0.051389
0 0.611719 0.249306 0.018750 0.031944
