0 0.050000 0.439583 0.100000 0.290278
0 0.036328 0.247222 0.072656 0.113889
0 0.075000 0.279167 0.093750 0.169444
0 0.150781 0.301389 0.093750 0.152778
0 0.198437 0.270139 0.075000 0.123611
0 0.269922 0.206944 0.047656 0.097222
0 0.350391 0.334722 0.113281 0.202778
0 0.365234 0.212500 0.058594 0.086111
0 0.426172 0.253472 0.072656 0.123611
0 0.466406 0.202778 0.043750 0.097222
0 0.513281 0.272917 0.076563 0.140278
0 0.507031 0.172222 0.051562 0.058333
0 0.598828 0.273611 0.085156 0.144444
0 0.623438 0.516667 0.217187 0.369444
0 0.777734 0.404861 0.175781 0.270833
0 0.722656 0.282639 0.115625 0.173611
0 0.721484 0.172222 0.064844 0.072222
0 0.847266 0.156250 0.041406 0.081944
0 0.889453 0.162500 0.055469 0.086111
