0 0.057422 0.572222 0.114844 0.383333
0 0.228125 0.368056 0.114063 0.191667
0 0.176563 0.347222 0.115625 0.202778
0 0.296484 0.259722 0.082031 0.119444
0 0.395703 0.265278 0.086719 0.116667
0 0.398047 0.394444 0.124219 0.213889
0 0.492969 0.391667 0.132812 0.230556
0 0.491406 0.205556 0.070312 0.091667
0 0.633984 0.409722 0.130469 0.230556
0 0.594141 0.306250 0.086719 0.165278
0 0.709375 0.284722 0.068750 0.133333
0 0.810547 0.221528 0.060156 0.095833
0 0.900000 0.376389 0.118750 0.200000
0 0.909375 0.243056 0.062500 0.102778
0 0.969922 0.296528 0.060156 0.134722
