0 0.612500 0.508333 0.203125 0.341667
0 0.759375 0.407639 0.164062 0.284722
0 0.041016 0.443750 0.082031 0.268056
0 0.049609 0.294444 0.077344 0.155556
0 0.128516 0.306250 0.089844 0.156944
0 0.176172 0.286111 0.077344 0.144444
0 0.250391 0.218056 0.050781 0.094444
0 0.334375 0.347222 0.118750 0.183333
0 0.348437 0.218056 0.059375 0.116667
0 0.408594 0.263889 0.073437 0.111111
0 0.460547 0.198611 0.053906 0.077778
0 0.493359 0.273611 0.077344 0.152778
0 0.580078 0.270139 0.082031 0.151389
0 0.709766 0.287500 0.103906 0.172222
0 0.701563 0.168750 0.048437 0.084722
0 0.831641 0.163194 0.041406 0.076389
0 0.873828 0.172222 0.041406 0.083333
