0 0.062891 0.425000 0.125781 0.286111
0 0.101562 0.273611 0.084375 0.133333
0 0.171484 0.290278 0.105469 0.130556
0 0.218750 0.279167 0.071875 0.166667
0 0.291016 0.204167 0.064844 0.113889
0 0.365625 0.333333 0.117188 0.216667
0 0.387109 0.209722 0.057031 0.094444
0 0.439453 0.252083 0.083594 0.131944
0 0.530469 0.262500 0.090625 0.155556
0 0.483984 0.201389 0.053906 0.086111
0 0.623438 0.260417 0.095312 0.129167
0 0.651563 0.501389 0.201562 0.355556
0 0.805469 0.408333 0.168750 0.286111
0 0.748828 0.284722 0.105469 0.177778
0 0.742969 0.177778 0.056250 0.069444
0 0.871094 0.168750 0.040625 0.087500
0 0.918359 0.169444 0.046094 0.072222
