0 0.209375 0.582639 0.189063 0.320833
0 0.348828 0.295139 0.083594 0.123611
0 0.359766 0.375694 0.088281 0.170833
0 0.406641 0.409722 0.102344 0.175000
0 0.463672 0.305556 0.072656 0.111111
0 0.556250 0.337500 0.075000 0.108333
0 0.558594 0.450694 0.109375 0.187500
0 0.640625 0.502778 0.123438 0.230556
0 0.667969 0.268056 0.057813 0.097222
0 0.776953 0.511806 0.127344 0.220833
0 0.744531 0.382639 0.071875 0.131944
0 0.751953 0.302083 0.057031 0.095833
0 0.804688 0.368056 0.056250 0.116667
0 0.869141 0.402778 0.072656 0.138889
0 0.916406 0.387500 0.064062 0.136111
0 0.979297 0.333333 0.041406 0.125000
