0 0.064062 0.577083 0.128125 0.406944
0 0.248828 0.362500 0.110156 0.213889
0 0.308203 0.258333 0.080469 0.133333
0 0.405469 0.269444 0.087500 0.122222
0 0.405078 0.367361 0.111719 0.184722
0 0.503516 0.402778 0.127344 0.241667
0 0.502734 0.205556 0.058594 0.086111
0 0.642187 0.388194 0.139062 0.209722
0 0.605469 0.287500 0.084375 0.138889
0 0.664844 0.243750 0.062500 0.129167
0 0.721094 0.284028 0.076563 0.143056
0 0.765625 0.274306 0.056250 0.115278
0 0.826563 0.228472 0.048437 0.104167
0 0.923828 0.381944 0.117969 0.200000
0 0.923828 0.238194 0.061719 0.087500
0 0.968750 0.285417 0.062500 0.120833
