0 0.517187 0.761111 0.217187 0.430556
0 0.669531 0.583333 0.167187 0.288889
0 0.607813 0.384722 0.098438 0.175000
0 0.486328 0.392361 0.091406 0.165278
0 0.394922 0.398611 0.088281 0.180556
0 0.224609 0.515972 0.121094 0.215278
0 0.032031 0.472917 0.064062 0.170833
0 0.062500 0.432639 0.078125 0.176389
0 0.138281 0.322222 0.057813 0.091667
0 0.237500 0.327778 0.059375 0.116667
0 0.300000 0.386111 0.076563 0.158333
0 0.289844 0.303472 0.060938 0.098611
0 0.342969 0.300694 0.051562 0.095833
0 0.369531 0.290278 0.040625 0.075000
0 0.389453 0.254861 0.041406 0.065278
0 0.592969 0.249306 0.035937 0.070833
0 0.719141 0.219444 0.038281 0.066667
0 0.738672 0.204167 0.030469 0.066667
0 0.760938 0.226389 0.039062 0.069444
0 0.793750 0.151389 0.025000 0.036111
0 0.857422 0.152778 0.024219 0.047222
