0 0.180078 0.268056 0.117969 0.177778
0 0.123828 0.599306 0.177344 0.281944
0 0.272266 0.618056 0.160156 0.325000
0 0.482812 0.502083 0.165625 0.256944
0 0.582422 0.422917 0.128906 0.220833
0 0.646484 0.509028 0.153906 0.290278
0 0.719531 0.400694 0.132812 0.215278
0 0.814062 0.227083 0.120312 0.181944
0 0.826172 0.093056 0.096094 0.161111
0 0.903906 0.091667 0.096875 0.175000
0 0.701172 0.061111 0.088281 0.122222
0 0.521875 0.136111 0.110937 0.166667
0 0.431641 0.216667 0.128906 0.191667
0 0.416406 0.115972 0.081250 0.109722
0 0.253125 0.060417 0.087500 0.112500
