0 0.581250 0.540278 0.204688 0.388889
0 0.739844 0.418750 0.170312 0.276389
0 0.033594 0.485417 0.067188 0.248611
0 0.033594 0.316667 0.067188 0.147222
0 0.106250 0.316667 0.090625 0.158333
0 0.150781 0.306250 0.079687 0.148611
0 0.227734 0.234722 0.060156 0.091667
0 0.308203 0.367361 0.114844 0.173611
0 0.327734 0.242361 0.060156 0.112500
0 0.385547 0.275000 0.075781 0.125000
0 0.419922 0.218750 0.050781 0.087500
0 0.455469 0.212500 0.056250 0.083333
0 0.470703 0.281944 0.092969 0.161111
0 0.564062 0.288889 0.084375 0.155556
0 0.686328 0.293750 0.108594 0.170833
0 0.680859 0.185417 0.042969 0.076389
0 0.813281 0.173611 0.045313 0.075000
0 0.851562 0.175000 0.045313 0.066667
