0 0.191406 0.760417 0.253125 0.409722
0 0.225391 0.284028 0.096094 0.165278
0 0.282422 0.394444 0.110156 0.211111
0 0.343750 0.435417 0.121875 0.195833
0 0.355469 0.286111 0.078125 0.144444
0 0.465234 0.332639 0.085156 0.165278
0 0.526953 0.214583 0.058594 0.115278
0 0.523828 0.469444 0.111719 0.194444
0 0.625391 0.520833 0.128906 0.258333
0 0.628906 0.272917 0.065625 0.095833
0 0.657031 0.348611 0.082813 0.125000
0 0.714844 0.325694 0.059375 0.120833
0 0.757422 0.533333 0.130469 0.213889
0 0.779297 0.367361 0.082031 0.145833
0 0.841016 0.266667 0.047656 0.100000
0 0.945312 0.322222 0.065625 0.102778
0 0.979297 0.509028 0.041406 0.201389
