0 0.491406 0.799306 0.226562 0.401389
0 0.638281 0.620833 0.168750 0.325000
0 0.579297 0.409028 0.094531 0.165278
0 0.451172 0.420833 0.097656 0.177778
0 0.367188 0.427778 0.084375 0.163889
0 0.184766 0.561806 0.147656 0.215278
0 0.031250 0.478472 0.062500 0.156944
0 0.111328 0.353472 0.050781 0.101389
0 0.269141 0.414583 0.069531 0.134722
0 0.206250 0.354861 0.059375 0.109722
0 0.258984 0.330556 0.058594 0.100000
0 0.308203 0.326389 0.046094 0.102778
0 0.344922 0.307639 0.041406 0.101389
0 0.369531 0.268056 0.034375 0.058333
0 0.366016 0.225694 0.017969 0.037500
0 0.570703 0.258333 0.055469 0.083333
0 0.696094 0.228472 0.035937 0.068056
0 0.710938 0.204861 0.031250 0.048611
0 0.725391 0.247222 0.044531 0.069444
0 0.764063 0.157639 0.021875 0.037500
0 0.831641 0.159722 0.024219 0.041667
