0 0.172266 0.674306 0.192969 0.354167
0 0.270312 0.293750 0.087500 0.112500
0 0.304297 0.390972 0.105469 0.195833
0 0.357422 0.436806 0.108594 0.198611
0 0.397266 0.300000 0.075781 0.127778
0 0.493750 0.338194 0.087500 0.134722
0 0.526563 0.468056 0.100000 0.219444
0 0.616016 0.516667 0.127344 0.247222
0 0.569922 0.247917 0.058594 0.079167
0 0.683203 0.386806 0.075781 0.134722
0 0.747656 0.511111 0.131250 0.225000
0 0.680859 0.292361 0.057031 0.087500
0 0.744141 0.343750 0.067969 0.112500
0 0.810938 0.391667 0.073437 0.113889
0 0.889453 0.288194 0.055469 0.081944
0 0.983594 0.338194 0.032812 0.070833
0 0.980859 0.538194 0.038281 0.195833
