0 0.175000 0.676389 0.215625 0.380556
0 0.273047 0.295139 0.074219 0.134722
0 0.304688 0.397917 0.096875 0.184722
0 0.354297 0.427778 0.108594 0.202778
0 0.392969 0.297917 0.076563 0.109722
0 0.494141 0.339583 0.078906 0.131944
0 0.524219 0.468750 0.112500 0.212500
0 0.616016 0.534028 0.133594 0.220833
0 0.580859 0.242361 0.041406 0.087500
0 0.685938 0.393056 0.076563 0.113889
0 0.741797 0.521528 0.127344 0.223611
0 0.741797 0.365278 0.071094 0.130556
0 0.809375 0.390278 0.075000 0.155556
0 0.892969 0.308333 0.051562 0.088889
0 0.982422 0.359028 0.035156 0.112500
0 0.982422 0.517361 0.035156 0.156944
