0 0.111719 0.184722 0.134375 0.194444
0 0.291016 0.204861 0.110156 0.198611
0 0.221484 0.411806 0.157031 0.323611
0 0.342969 0.436806 0.170312 0.306944
0 0.542578 0.400694 0.157031 0.323611
0 0.640234 0.345833 0.125781 0.255556
0 0.696484 0.444444 0.150781 0.322222
0 0.800781 0.370833 0.123438 0.272222
0 0.898438 0.261806 0.115625 0.215278
0 0.933594 0.171528 0.090625 0.154167
0 0.790625 0.138889 0.096875 0.147222
0 0.614453 0.162500 0.097656 0.150000
0 0.518359 0.211111 0.132031 0.183333
0 0.362109 0.083333 0.082031 0.147222
0 0.431641 0.082639 0.086719 0.148611
0 0.643359 0.065278 0.058594 0.122222
0 0.731250 0.056250 0.062500 0.104167
