0 0.596094 0.524306 0.217187 0.384722
0 0.748047 0.408333 0.175781 0.283333
0 0.033984 0.462500 0.067969 0.286111
0 0.035156 0.302778 0.064062 0.138889
0 0.110547 0.328472 0.102344 0.154167
0 0.160938 0.306944 0.092188 0.144444
0 0.236719 0.225694 0.048437 0.081944
0 0.316797 0.363194 0.122656 0.193056
0 0.335547 0.231250 0.063281 0.104167
0 0.386328 0.276389 0.082031 0.119444
0 0.430859 0.216667 0.053906 0.097222
0 0.477734 0.283333 0.088281 0.150000
0 0.571484 0.284722 0.089844 0.144444
0 0.479688 0.184028 0.045313 0.059722
0 0.692578 0.285417 0.102344 0.156944
0 0.686719 0.181944 0.050000 0.069444
0 0.817578 0.171528 0.039844 0.068056
0 0.858594 0.176389 0.051562 0.075000
