0 0.981641 0.565278 0.036719 0.230556
0 0.424609 0.835417 0.203906 0.298611
0 0.381250 0.571528 0.109375 0.187500
0 0.246094 0.579861 0.092188 0.154167
0 0.142188 0.611111 0.106250 0.186111
0 0.040234 0.593750 0.080469 0.143056
0 0.035547 0.489583 0.071094 0.112500
0 0.098828 0.481250 0.063281 0.126389
0 0.137500 0.454167 0.051562 0.105556
0 0.165625 0.397917 0.050000 0.090278
0 0.169922 0.333333 0.024219 0.041667
0 0.378906 0.375694 0.045313 0.073611
0 0.507031 0.337500 0.031250 0.075000
0 0.542578 0.345833 0.049219 0.077778
0 0.522266 0.316667 0.035156 0.058333
0 0.580078 0.242361 0.022656 0.040278
0 0.633984 0.247917 0.027344 0.037500
