0 0.069531 0.218750 0.118750 0.181944
0 0.251563 0.222917 0.092188 0.143056
0 0.190625 0.471528 0.135937 0.243056
0 0.327734 0.482639 0.152344 0.290278
0 0.529688 0.429861 0.121875 0.229167
0 0.625000 0.386111 0.129688 0.241667
0 0.690625 0.450000 0.142188 0.263889
0 0.766016 0.365972 0.146094 0.220833
0 0.864844 0.264583 0.120312 0.176389
0 0.896875 0.152778 0.075000 0.150000
0 0.959375 0.156944 0.081250 0.200000
0 0.480859 0.206944 0.102344 0.147222
0 0.579687 0.150694 0.092188 0.195833
0 0.760547 0.114583 0.074219 0.129167
0 0.321484 0.084028 0.064844 0.106944
0 0.393750 0.054167 0.076563 0.091667
0 0.480469 0.129167 0.082813 0.122222
0 0.605078 0.020833 0.041406 0.041667
