0 0.358594 0.896528 0.254687 0.198611
0 0.523828 0.740278 0.164844 0.297222
0 0.057813 0.687500 0.115625 0.255556
0 0.472266 0.501389 0.103906 0.175000
0 0.346094 0.504167 0.100000 0.161111
0 0.244922 0.525694 0.096094 0.162500
0 0.143750 0.506250 0.082813 0.151389
0 0.083594 0.441667 0.057813 0.122222
0 0.139062 0.414583 0.062500 0.118056
0 0.197656 0.407639 0.056250 0.093056
0 0.227734 0.388194 0.042969 0.095833
0 0.254687 0.341667 0.035937 0.066667
0 0.257812 0.285417 0.023438 0.029167
0 0.458984 0.322222 0.041406 0.066667
0 0.586328 0.285417 0.042969 0.065278
0 0.621875 0.295139 0.053125 0.084722
0 0.603906 0.267361 0.026563 0.056944
0 0.659766 0.202778 0.014844 0.027778
0 0.714844 0.208333 0.017188 0.041667
