0 0.220703 0.304861 0.027344 0.043056
0 0.622266 0.221528 0.024219 0.037500
0 0.679297 0.222222 0.030469 0.061111
0 0.585938 0.326389 0.046875 0.075000
0 0.553906 0.307639 0.039062 0.068056
0 0.565625 0.280556 0.039062 0.055556
0 0.427734 0.347917 0.046094 0.095833
0 0.217969 0.362500 0.040625 0.072222
0 0.192969 0.411806 0.053125 0.095833
0 0.154687 0.433333 0.062500 0.116667
0 0.095703 0.445139 0.082031 0.115278
0 0.037109 0.475694 0.063281 0.118056
0 0.098047 0.545139 0.078906 0.165278
0 0.205469 0.553472 0.093750 0.179167
0 0.302344 0.542361 0.098438 0.181944
0 0.432422 0.522917 0.099219 0.181944
0 0.495313 0.764583 0.181250 0.337500
0 0.307813 0.907639 0.253125 0.181944
0 0.033594 0.732639 0.067188 0.251389
