0 0.135156 0.408333 0.153125 0.250000
0 0.030469 0.438194 0.060938 0.270833
0 0.020312 0.220833 0.040625 0.083333
0 0.250781 0.275694 0.087500 0.140278
0 0.179297 0.268750 0.083594 0.115278
0 0.292188 0.257639 0.064062 0.143056
0 0.356641 0.198611 0.050781 0.100000
0 0.441016 0.328472 0.113281 0.198611
0 0.448828 0.204861 0.053906 0.090278
0 0.507422 0.249306 0.074219 0.140278
0 0.541797 0.193750 0.047656 0.109722
0 0.589453 0.252778 0.082031 0.155556
0 0.686328 0.261111 0.097656 0.150000
0 0.731250 0.504861 0.203125 0.345833
0 0.887500 0.410417 0.178125 0.301389
0 0.814062 0.281250 0.126563 0.173611
0 0.799219 0.168750 0.054688 0.073611
0 0.944141 0.161111 0.047656 0.091667
0 0.982031 0.165278 0.035937 0.080556
