0 0.169141 0.680556 0.213281 0.377778
0 0.278125 0.289583 0.078125 0.118056
0 0.311328 0.396528 0.107031 0.193056
0 0.358203 0.431944 0.111719 0.208333
0 0.398828 0.305556 0.091406 0.125000
0 0.498437 0.344444 0.082813 0.125000
0 0.522656 0.464583 0.112500 0.209722
0 0.614062 0.512500 0.121875 0.225000
0 0.589063 0.255556 0.048437 0.086111
0 0.692187 0.380556 0.075000 0.125000
0 0.749219 0.527083 0.140625 0.234722
0 0.750781 0.354167 0.065625 0.105556
0 0.816016 0.397222 0.092969 0.141667
0 0.896875 0.305556 0.057813 0.100000
0 0.976562 0.525000 0.046875 0.175000
