0 0.937500 0.615972 0.125000 0.245833
0 0.320703 0.896528 0.208594 0.206944
0 0.296094 0.633333 0.117188 0.177778
0 0.162109 0.655556 0.108594 0.180556
0 0.053516 0.690278 0.107031 0.180556
0 0.025781 0.535417 0.051562 0.123611
0 0.058594 0.495833 0.059375 0.119444
0 0.098047 0.434028 0.041406 0.081944
0 0.108203 0.378472 0.033594 0.045833
0 0.312109 0.413194 0.058594 0.079167
0 0.444922 0.367361 0.049219 0.065278
0 0.478906 0.377083 0.045313 0.070833
0 0.461328 0.345833 0.033594 0.055556
0 0.523828 0.275694 0.024219 0.037500
0 0.577734 0.277778 0.017969 0.041667
