0 0.543750 0.707639 0.206250 0.370833
0 0.684375 0.550000 0.171875 0.288889
0 0.249609 0.478472 0.114844 0.209722
0 0.046094 0.443750 0.092188 0.168056
0 0.080859 0.421528 0.085156 0.173611
0 0.158594 0.306250 0.060938 0.084722
0 0.261719 0.315972 0.059375 0.101389
0 0.313281 0.369444 0.082813 0.136111
0 0.310156 0.309028 0.053125 0.129167
0 0.356250 0.291667 0.054688 0.105556
0 0.389062 0.262500 0.054688 0.091667
0 0.414844 0.238194 0.042188 0.073611
0 0.407031 0.381944 0.096875 0.147222
0 0.501953 0.371528 0.091406 0.154167
0 0.630469 0.379861 0.109375 0.156944
0 0.611328 0.236111 0.050781 0.086111
0 0.739062 0.206250 0.045313 0.068056
0 0.771484 0.210417 0.049219 0.076389
