0 0.567969 0.577778 0.215625 0.341667
0 0.719141 0.459722 0.171094 0.277778
0 0.665234 0.310417 0.092969 0.148611
0 0.540234 0.311111 0.085156 0.150000
0 0.451172 0.322917 0.088281 0.156944
0 0.286328 0.394444 0.125781 0.219444
0 0.030859 0.337500 0.061719 0.183333
0 0.077344 0.361111 0.098438 0.197222
0 0.123828 0.340972 0.082031 0.154167
0 0.200391 0.254861 0.055469 0.079167
0 0.296484 0.261111 0.052344 0.108333
0 0.353906 0.299306 0.070312 0.143056
0 0.398047 0.250694 0.046094 0.087500
0 0.651563 0.195833 0.045313 0.066667
0 0.821484 0.187500 0.042969 0.055556
0 0.787109 0.179167 0.038281 0.072222
0 0.433594 0.213889 0.042188 0.050000
0 0.449609 0.194444 0.035156 0.058333
