0 0.121875 0.177778 0.101562 0.180556
0 0.209766 0.039583 0.053906 0.079167
0 0.294922 0.200694 0.105469 0.176389
0 0.232031 0.386111 0.151562 0.277778
0 0.355078 0.417361 0.155469 0.268056
0 0.378516 0.079861 0.067969 0.137500
0 0.448438 0.073611 0.065625 0.097222
0 0.527344 0.197222 0.096875 0.158333
0 0.620313 0.168750 0.078125 0.148611
0 0.559375 0.368750 0.135937 0.215278
0 0.718750 0.416667 0.142188 0.255556
0 0.662109 0.072222 0.052344 0.083333
0 0.811328 0.348611 0.128906 0.236111
0 0.800781 0.128472 0.084375 0.140278
0 0.747656 0.047917 0.054688 0.095833
0 0.905469 0.261111 0.120312 0.205556
0 0.927344 0.044444 0.029687 0.072222
0 0.747656 0.869444 0.315625 0.250000
