0 0.985937 0.551389 0.028125 0.186111
0 0.425000 0.835417 0.190625 0.304167
0 0.387891 0.568056 0.114844 0.188889
0 0.252734 0.573611 0.100781 0.180556
0 0.153516 0.601389 0.096094 0.180556
0 0.048047 0.582639 0.086719 0.148611
0 0.046094 0.476389 0.059375 0.105556
0 0.103125 0.474306 0.068750 0.104167
0 0.143359 0.442361 0.044531 0.093056
0 0.173047 0.391667 0.049219 0.069444
0 0.179688 0.327778 0.026563 0.044444
0 0.387109 0.369444 0.050781 0.075000
0 0.514453 0.334028 0.039844 0.065278
0 0.548828 0.342361 0.036719 0.084722
0 0.529297 0.314583 0.038281 0.073611
0 0.587891 0.245833 0.019531 0.038889
0 0.639063 0.245139 0.017188 0.043056
