0 0.682422 0.221528 0.028906 0.051389
0 0.626562 0.220139 0.026563 0.048611
0 0.596484 0.316667 0.041406 0.080556
0 0.556641 0.309722 0.038281 0.077778
0 0.570703 0.279167 0.033594 0.058333
0 0.229297 0.300000 0.022656 0.047222
0 0.223828 0.355556 0.036719 0.069444
0 0.428906 0.340972 0.040625 0.079167
0 0.438672 0.522917 0.107031 0.193056
0 0.489453 0.771528 0.192969 0.370833
0 0.314844 0.895833 0.273438 0.205556
0 0.309766 0.536111 0.111719 0.186111
0 0.211719 0.559028 0.093750 0.201389
0 0.103125 0.540972 0.081250 0.156944
0 0.044531 0.479861 0.078125 0.106944
0 0.098047 0.427778 0.072656 0.105556
0 0.158984 0.438889 0.067969 0.094444
0 0.199219 0.412500 0.056250 0.083333
0 0.042969 0.722917 0.085938 0.262500
