0 0.035937 0.217361 0.071875 0.190278
0 0.153516 0.164583 0.107031 0.156944
0 0.241016 0.054167 0.069531 0.108333
0 0.233203 0.377083 0.149219 0.273611
0 0.316797 0.193056 0.094531 0.172222
0 0.361328 0.400694 0.149219 0.290278
0 0.403906 0.090278 0.060938 0.116667
0 0.461719 0.075000 0.054688 0.108333
0 0.558594 0.370139 0.151562 0.240278
0 0.539844 0.200694 0.092188 0.168056
0 0.558984 0.045833 0.053906 0.083333
0 0.641406 0.170139 0.081250 0.131944
0 0.721875 0.411806 0.134375 0.256944
0 0.689062 0.076389 0.053125 0.097222
0 0.801562 0.349306 0.110937 0.195833
0 0.822266 0.150694 0.078906 0.106944
0 0.769922 0.066667 0.050781 0.091667
0 0.921875 0.291667 0.106250 0.213889
0 0.960547 0.196528 0.078906 0.156944
0 0.966016 0.072917 0.053906 0.098611
0 0.711719 0.839583 0.314063 0.318056
