0 0.223438 0.297917 0.021875 0.040278
0 0.218359 0.368750 0.042969 0.081944
0 0.190234 0.415278 0.052344 0.105556
0 0.153516 0.434028 0.064844 0.118056
0 0.092578 0.444444 0.067969 0.108333
0 0.041406 0.472222 0.065625 0.122222
0 0.096094 0.543750 0.082813 0.137500
0 0.033984 0.731250 0.067969 0.243056
0 0.205859 0.558333 0.097656 0.194444
0 0.300781 0.545833 0.104687 0.177778
0 0.434766 0.528472 0.111719 0.176389
0 0.428125 0.343056 0.050000 0.088889
0 0.550000 0.315972 0.043750 0.079167
0 0.589844 0.325000 0.046875 0.069444
0 0.566016 0.296528 0.033594 0.062500
0 0.622266 0.221528 0.025781 0.045833
0 0.678125 0.225694 0.032812 0.059722
0 0.482812 0.791667 0.184375 0.333333
0 0.304688 0.922917 0.253125 0.151389
