0 0.081641 0.211111 0.114844 0.138889
0 0.262109 0.231250 0.086719 0.131944
0 0.197266 0.455556 0.157031 0.258333
0 0.324609 0.471528 0.158594 0.273611
0 0.533594 0.424306 0.135937 0.209722
0 0.632031 0.376389 0.120312 0.211111
0 0.701953 0.429167 0.139844 0.275000
0 0.771875 0.375000 0.120312 0.247222
0 0.868750 0.261806 0.107813 0.151389
0 0.900391 0.138889 0.088281 0.136111
0 0.965625 0.142361 0.064062 0.159722
0 0.491406 0.192361 0.081250 0.154167
0 0.583984 0.168056 0.085156 0.155556
0 0.745703 0.113194 0.055469 0.112500
0 0.619141 0.035417 0.044531 0.062500
0 0.329688 0.075000 0.060938 0.094444
0 0.398438 0.057639 0.057813 0.106944
