0 0.108594 0.180556 0.106250 0.200000
0 0.192188 0.040972 0.065625 0.081944
0 0.291406 0.204861 0.107813 0.173611
0 0.216016 0.393750 0.146094 0.259722
0 0.343750 0.429861 0.143750 0.279167
0 0.362891 0.077083 0.066406 0.129167
0 0.426953 0.068056 0.053906 0.122222
0 0.513672 0.185417 0.083594 0.145833
0 0.607813 0.165278 0.082813 0.144444
0 0.541406 0.390972 0.123438 0.229167
0 0.637109 0.050694 0.053906 0.079167
0 0.685547 0.052083 0.052344 0.081944
0 0.735156 0.053472 0.042188 0.065278
0 0.702734 0.417361 0.127344 0.218056
0 0.787891 0.118056 0.072656 0.091667
0 0.896875 0.261806 0.096875 0.168056
0 0.756250 0.877778 0.292188 0.241667
0 0.792969 0.343750 0.110937 0.195833
0 0.925000 0.149306 0.067188 0.137500
