0 0.227344 0.563194 0.175000 0.318056
0 0.367969 0.294444 0.068750 0.113889
0 0.377344 0.367361 0.093750 0.162500
0 0.422656 0.404167 0.085938 0.161111
0 0.482031 0.300000 0.065625 0.122222
0 0.575000 0.334028 0.078125 0.104167
0 0.575781 0.434722 0.100000 0.186111
0 0.658203 0.489583 0.113281 0.220833
0 0.675781 0.278472 0.057813 0.081944
0 0.792188 0.510417 0.121875 0.212500
0 0.760156 0.384028 0.090625 0.148611
0 0.773438 0.311111 0.057813 0.113889
0 0.830469 0.364583 0.064062 0.143056
0 0.880469 0.400000 0.089062 0.150000
0 0.936328 0.393056 0.063281 0.113889
