0 0.234766 0.297222 0.025781 0.058333
0 0.229687 0.355556 0.032812 0.061111
0 0.200781 0.407639 0.053125 0.087500
0 0.164062 0.427778 0.060938 0.105556
0 0.114844 0.430556 0.073437 0.127778
0 0.050391 0.459722 0.063281 0.113889
0 0.112500 0.529167 0.101562 0.163889
0 0.217578 0.550694 0.105469 0.190278
0 0.320312 0.543750 0.109375 0.159722
0 0.448828 0.510417 0.130469 0.209722
0 0.430078 0.331250 0.066406 0.098611
0 0.557422 0.302778 0.046094 0.088889
0 0.575391 0.268750 0.033594 0.068056
0 0.604297 0.311806 0.042969 0.079167
0 0.631641 0.221528 0.036719 0.059722
0 0.691797 0.217361 0.032031 0.056944
0 0.497656 0.763889 0.173438 0.325000
0 0.323828 0.902083 0.247656 0.193056
0 0.046094 0.711806 0.092188 0.276389
