0 0.907812 0.642361 0.151562 0.265278
0 0.262891 0.912500 0.221094 0.175000
0 0.254687 0.682639 0.139062 0.198611
0 0.105469 0.704167 0.125000 0.197222
0 0.023438 0.729167 0.046875 0.188889
0 0.018359 0.548611 0.036719 0.113889
0 0.042969 0.461111 0.042188 0.075000
0 0.058203 0.392361 0.019531 0.045833
0 0.272656 0.440278 0.037500 0.072222
0 0.440625 0.399306 0.034375 0.054167
0 0.407031 0.390278 0.045313 0.063889
0 0.416797 0.370139 0.039844 0.059722
0 0.488672 0.297222 0.022656 0.033333
0 0.540234 0.293750 0.025781 0.043056
