0 0.446875 0.825694 0.237500 0.334722
0 0.606641 0.661806 0.177344 0.290278
0 0.547656 0.436806 0.103125 0.159722
0 0.146094 0.598611 0.132812 0.227778
0 0.067578 0.375694 0.077344 0.120833
0 0.169922 0.380556 0.066406 0.122222
0 0.230469 0.450694 0.089062 0.145833
0 0.226172 0.351389 0.067969 0.105556
0 0.274609 0.347222 0.058594 0.094444
0 0.300391 0.330556 0.055469 0.083333
0 0.328906 0.285417 0.050000 0.070833
0 0.326953 0.241667 0.041406 0.055556
0 0.326562 0.458333 0.093750 0.177778
0 0.419922 0.443056 0.088281 0.169444
0 0.532812 0.281250 0.046875 0.084722
0 0.664453 0.253472 0.044531 0.070833
0 0.695703 0.263889 0.035156 0.061111
0 0.674219 0.235417 0.029687 0.070833
0 0.732813 0.165972 0.029687 0.037500
0 0.786328 0.174306 0.028906 0.040278
