0 0.053516 0.240972 0.107031 0.184722
0 0.196484 0.207639 0.113281 0.156944
0 0.247266 0.407639 0.153906 0.256944
0 0.357031 0.230556 0.095312 0.166667
0 0.295703 0.083333 0.067969 0.102778
0 0.361328 0.420833 0.158594 0.233333
0 0.645703 0.864583 0.353906 0.268056
0 0.569531 0.422222 0.153125 0.216667
0 0.371484 0.063889 0.049219 0.077778
0 0.401563 0.076389 0.068750 0.080556
0 0.447656 0.136806 0.057813 0.101389
0 0.521484 0.131944 0.064844 0.094444
0 0.609766 0.100694 0.050781 0.059722
0 0.583594 0.256944 0.095312 0.144444
0 0.675391 0.227083 0.069531 0.112500
0 0.734375 0.465972 0.145313 0.256944
0 0.737891 0.139583 0.050781 0.081944
0 0.773047 0.125000 0.036719 0.063889
0 0.795703 0.073611 0.019531 0.047222
0 0.831641 0.147917 0.055469 0.104167
0 0.884766 0.227083 0.078906 0.126389
0 0.834766 0.413194 0.108594 0.220833
0 0.955078 0.338889 0.089844 0.205556
