0 0.107813 0.432639 0.165625 0.304167
0 0.274609 0.402778 0.141406 0.250000
0 0.139062 0.204167 0.070312 0.094444
0 0.301562 0.268750 0.079687 0.154167
0 0.375000 0.274306 0.067188 0.156944
0 0.465234 0.193750 0.057031 0.101389
0 0.555859 0.343056 0.124219 0.186111
0 0.558594 0.193750 0.059375 0.101389
0 0.617578 0.260417 0.078906 0.120833
0 0.658203 0.185417 0.057031 0.106944
0 0.706250 0.271528 0.076563 0.140278
0 0.795313 0.265972 0.096875 0.140278
0 0.910937 0.183333 0.053125 0.091667
0 0.934375 0.292361 0.121875 0.173611
0 0.859766 0.531944 0.238281 0.369444
0 0.960938 0.449306 0.078125 0.345833
