0 0.203125 0.585417 0.178125 0.337500
0 0.344531 0.297222 0.078125 0.119444
0 0.358984 0.384722 0.102344 0.166667
0 0.403516 0.422917 0.110156 0.181944
0 0.460156 0.310417 0.057813 0.129167
0 0.550000 0.338889 0.071875 0.122222
0 0.554688 0.461111 0.103125 0.213889
0 0.639844 0.502083 0.114063 0.212500
0 0.656250 0.275694 0.040625 0.076389
0 0.766797 0.520833 0.124219 0.197222
0 0.741406 0.386806 0.085938 0.148611
0 0.858203 0.408333 0.078906 0.158333
0 0.974219 0.335417 0.051562 0.093056
0 0.741016 0.309028 0.052344 0.090278
