0 0.360938 0.881250 0.256250 0.226389
0 0.527344 0.734028 0.170312 0.351389
0 0.058984 0.686111 0.117969 0.275000
0 0.473437 0.493750 0.087500 0.181944
0 0.342187 0.504167 0.101562 0.161111
0 0.247656 0.522222 0.103125 0.169444
0 0.143750 0.507639 0.089062 0.154167
0 0.084766 0.445833 0.061719 0.113889
0 0.138672 0.416667 0.066406 0.116667
0 0.191797 0.398611 0.060156 0.102778
0 0.231641 0.389583 0.052344 0.106944
0 0.256250 0.338194 0.042188 0.059722
0 0.253906 0.284028 0.029687 0.045833
0 0.459375 0.321528 0.039062 0.084722
0 0.582812 0.291667 0.040625 0.069444
0 0.598828 0.277778 0.032031 0.072222
0 0.627344 0.304167 0.046875 0.075000
0 0.659375 0.206944 0.023438 0.038889
0 0.719141 0.208333 0.028906 0.044444
