0 0.397656 0.864583 0.235938 0.270833
0 0.561328 0.711806 0.172656 0.312500
0 0.088672 0.650694 0.138281 0.240278
0 0.503516 0.477083 0.092969 0.168056
0 0.375000 0.478472 0.087500 0.156944
0 0.282031 0.499306 0.095312 0.168056
0 0.180859 0.479861 0.083594 0.151389
0 0.025781 0.408333 0.051562 0.130556
0 0.116797 0.419444 0.060156 0.122222
0 0.172266 0.388889 0.058594 0.094444
0 0.227734 0.381250 0.060156 0.098611
0 0.258203 0.359028 0.049219 0.093056
0 0.282813 0.313889 0.029687 0.063889
0 0.287891 0.259028 0.022656 0.043056
0 0.490625 0.300694 0.043750 0.079167
0 0.616016 0.271528 0.035156 0.065278
0 0.629687 0.254167 0.034375 0.069444
0 0.651563 0.284028 0.042188 0.068056
0 0.687109 0.188194 0.025781 0.040278
0 0.742578 0.189583 0.019531 0.043056
