0 0.920703 0.640972 0.149219 0.248611
0 0.284375 0.915278 0.229687 0.169444
0 0.266016 0.661806 0.094531 0.187500
0 0.118750 0.683333 0.109375 0.166667
0 0.030859 0.707639 0.061719 0.226389
0 0.025000 0.523611 0.050000 0.108333
0 0.060938 0.454861 0.048437 0.087500
0 0.070703 0.386806 0.024219 0.040278
0 0.281250 0.426389 0.048437 0.086111
0 0.414453 0.382639 0.041406 0.070833
0 0.430469 0.361806 0.029687 0.076389
0 0.447656 0.390972 0.039062 0.079167
0 0.491797 0.283333 0.022656 0.033333
0 0.544922 0.288194 0.028906 0.023611
