0 0.035156 0.383333 0.070312 0.213889
0 0.077734 0.272222 0.094531 0.119444
0 0.196875 0.395139 0.115625 0.223611
0 0.298438 0.411111 0.140625 0.236111
0 0.446094 0.390972 0.126563 0.193056
0 0.304297 0.197222 0.066406 0.127778
0 0.518359 0.277778 0.078906 0.127778
0 0.613672 0.196528 0.042969 0.098611
0 0.709766 0.346528 0.116406 0.184722
0 0.705078 0.211111 0.053906 0.097222
0 0.769141 0.248611 0.072656 0.138889
0 0.867969 0.292361 0.079687 0.159722
0 0.957031 0.309028 0.085938 0.173611
0 0.950781 0.597917 0.098438 0.381944
