0 0.058984 0.259028 0.117969 0.229167
0 0.211719 0.232639 0.106250 0.165278
0 0.256250 0.435417 0.145313 0.270833
0 0.367969 0.459028 0.132812 0.265278
0 0.369141 0.261806 0.094531 0.168056
0 0.325000 0.119444 0.071875 0.108333
0 0.393359 0.087500 0.049219 0.083333
0 0.425391 0.097222 0.050781 0.088889
0 0.467578 0.156944 0.071094 0.116667
0 0.531250 0.158333 0.064062 0.105556
0 0.630859 0.129861 0.053906 0.081944
0 0.587109 0.272917 0.096094 0.115278
0 0.691797 0.256250 0.075781 0.140278
0 0.576563 0.464583 0.145313 0.226389
0 0.731250 0.502083 0.150000 0.251389
0 0.833984 0.451389 0.122656 0.227778
0 0.964063 0.367361 0.071875 0.206944
0 0.894531 0.238194 0.092188 0.126389
0 0.753906 0.162500 0.060938 0.091667
0 0.788672 0.160417 0.050781 0.084722
0 0.816797 0.102083 0.047656 0.065278
0 0.844141 0.170139 0.055469 0.093056
0 0.604688 0.880556 0.307813 0.236111
