0 0.031250 0.223611 0.062500 0.233333
0 0.150000 0.172917 0.103125 0.179167
0 0.250391 0.050694 0.060156 0.095833
0 0.319922 0.200000 0.107031 0.163889
0 0.236719 0.366667 0.143750 0.255556
0 0.364844 0.395833 0.151562 0.311111
0 0.320312 0.028472 0.039062 0.056944
0 0.361719 0.040972 0.048437 0.081944
0 0.410547 0.090278 0.058594 0.097222
0 0.477344 0.100694 0.053125 0.104167
0 0.567578 0.029861 0.055469 0.054167
0 0.545703 0.204861 0.072656 0.151389
0 0.642187 0.186806 0.079687 0.154167
0 0.558203 0.380556 0.138281 0.208333
0 0.712891 0.404167 0.150781 0.250000
0 0.693359 0.086111 0.063281 0.102778
0 0.735937 0.072917 0.043750 0.065278
0 0.783203 0.087500 0.053906 0.102778
0 0.824219 0.159722 0.056250 0.100000
0 0.806250 0.354861 0.123438 0.212500
0 0.702344 0.848611 0.342187 0.300000
0 0.937109 0.289583 0.110156 0.206944
0 0.968750 0.063889 0.042188 0.055556
0 0.961719 0.197917 0.073437 0.123611
