0 0.062109 0.408333 0.124219 0.302778
0 0.158594 0.414583 0.162500 0.284722
0 0.320703 0.393056 0.132031 0.208333
0 0.171875 0.218750 0.079687 0.112500
0 0.401563 0.273611 0.081250 0.133333
0 0.503906 0.190972 0.053125 0.095833
0 0.596484 0.325694 0.096094 0.184722
0 0.598437 0.208333 0.075000 0.108333
0 0.655859 0.247917 0.082031 0.104167
0 0.691797 0.197917 0.052344 0.090278
0 0.746094 0.265972 0.093750 0.154167
0 0.837109 0.270833 0.086719 0.158333
0 0.962500 0.181944 0.048437 0.061111
0 0.964453 0.302083 0.071094 0.156944
0 0.891406 0.538889 0.217187 0.386111
