0 0.574219 0.572222 0.223438 0.397222
0 0.730859 0.444444 0.161719 0.302778
0 0.302734 0.386806 0.114844 0.204167
0 0.462891 0.309028 0.085156 0.154167
0 0.548437 0.297222 0.085938 0.163889
0 0.674219 0.302083 0.104687 0.176389
0 0.027734 0.342361 0.055469 0.134722
0 0.096094 0.341667 0.079687 0.152778
0 0.135547 0.322222 0.077344 0.138889
0 0.211719 0.246528 0.051562 0.084722
0 0.310156 0.256944 0.046875 0.097222
0 0.367578 0.290278 0.074219 0.125000
0 0.406641 0.235417 0.046094 0.070833
0 0.434375 0.221528 0.034375 0.073611
0 0.457031 0.200000 0.037500 0.055556
0 0.660156 0.190972 0.045313 0.068056
0 0.792578 0.174306 0.038281 0.062500
0 0.832422 0.180556 0.046094 0.083333
