0 0.173438 0.272222 0.131250 0.194444
0 0.105469 0.609722 0.160938 0.291667
0 0.261328 0.625694 0.167969 0.320833
0 0.471875 0.502778 0.132812 0.258333
0 0.572656 0.427083 0.120312 0.256944
0 0.647266 0.502083 0.146094 0.304167
0 0.712500 0.392361 0.118750 0.234722
0 0.809375 0.222222 0.118750 0.183333
0 0.824609 0.085417 0.075781 0.154167
0 0.898047 0.084028 0.083594 0.140278
0 0.412109 0.206250 0.114844 0.170833
0 0.405859 0.102083 0.097656 0.173611
0 0.511719 0.129167 0.107813 0.219444
0 0.232812 0.045139 0.064062 0.090278
0 0.692187 0.051389 0.087500 0.100000
