0 0.060547 0.221528 0.121094 0.176389
0 0.247656 0.228472 0.100000 0.184722
0 0.192578 0.482639 0.153906 0.251389
0 0.328906 0.510417 0.160938 0.334722
0 0.525781 0.429167 0.135937 0.261111
0 0.621875 0.382639 0.112500 0.243056
0 0.693750 0.472917 0.129688 0.276389
0 0.761328 0.381250 0.111719 0.231944
0 0.869531 0.250000 0.085938 0.175000
0 0.880469 0.142361 0.078125 0.154167
0 0.953906 0.131944 0.092188 0.152778
0 0.468359 0.209028 0.122656 0.179167
0 0.472266 0.138889 0.083594 0.133333
0 0.575781 0.162500 0.078125 0.183333
0 0.750781 0.097222 0.085938 0.144444
0 0.319531 0.065278 0.068750 0.122222
0 0.380078 0.061111 0.069531 0.105556
0 0.594922 0.033333 0.044531 0.066667
