0 0.043359 0.406250 0.086719 0.309722
0 0.154687 0.397917 0.142188 0.251389
0 0.265234 0.276389 0.094531 0.147222
0 0.378516 0.198611 0.064844 0.083333
0 0.458203 0.323611 0.111719 0.197222
0 0.471875 0.212500 0.067188 0.119444
0 0.526172 0.241667 0.075781 0.147222
0 0.614453 0.271528 0.077344 0.181944
0 0.707812 0.267361 0.084375 0.145833
0 0.742188 0.527083 0.229687 0.379167
0 0.902734 0.413889 0.191406 0.294444
0 0.839453 0.290278 0.139844 0.197222
0 0.824609 0.177778 0.058594 0.083333
0 0.969922 0.167361 0.052344 0.090278
