0 0.150781 0.372222 0.134375 0.202778
0 0.086719 0.253472 0.084375 0.112500
0 0.226172 0.270139 0.077344 0.090278
0 0.330078 0.377083 0.103906 0.204167
0 0.323047 0.255556 0.099219 0.097222
0 0.422266 0.397917 0.130469 0.229167
0 0.427734 0.200694 0.057031 0.095833
0 0.568359 0.411111 0.124219 0.213889
0 0.641797 0.285417 0.083594 0.143056
0 0.748047 0.209722 0.057031 0.083333
0 0.836328 0.369444 0.111719 0.219444
0 0.845312 0.234028 0.070312 0.109722
0 0.900391 0.275000 0.066406 0.122222
0 0.973828 0.325000 0.052344 0.150000
0 0.947266 0.234722 0.053906 0.108333
