0 0.100391 0.525694 0.200781 0.393056
0 0.314063 0.340972 0.118750 0.181944
0 0.246484 0.232639 0.102344 0.118056
0 0.259375 0.319444 0.104687 0.163889
0 0.371094 0.236111 0.076563 0.122222
0 0.472656 0.263194 0.101562 0.154167
0 0.480859 0.354861 0.096094 0.184722
0 0.577734 0.381250 0.138281 0.212500
0 0.569141 0.208333 0.061719 0.097222
0 0.703906 0.383333 0.117188 0.202778
0 0.780859 0.303472 0.072656 0.126389
0 0.885938 0.211806 0.048437 0.098611
0 0.976562 0.261806 0.046875 0.118056
0 0.965625 0.403472 0.068750 0.218056
