0 0.477734 0.805556 0.221094 0.388889
0 0.633203 0.615278 0.169531 0.308333
0 0.183984 0.558333 0.122656 0.211111
0 0.029687 0.490972 0.059375 0.184722
0 0.100781 0.350694 0.048437 0.101389
0 0.199609 0.357639 0.052344 0.115278
0 0.254297 0.415278 0.078906 0.127778
0 0.365234 0.431250 0.083594 0.151389
0 0.451172 0.423611 0.100781 0.136111
0 0.576563 0.428472 0.106250 0.151389
0 0.256641 0.331250 0.061719 0.095833
0 0.307422 0.322917 0.063281 0.112500
0 0.339453 0.313194 0.047656 0.095833
0 0.361719 0.286806 0.051562 0.087500
0 0.357812 0.232639 0.025000 0.048611
0 0.559375 0.269444 0.048437 0.072222
0 0.692969 0.233333 0.050000 0.094444
0 0.699219 0.202083 0.025000 0.054167
0 0.725391 0.249306 0.039844 0.087500
0 0.759375 0.156944 0.014062 0.027778
0 0.823047 0.172222 0.022656 0.072222
