0 0.582422 0.552778 0.238281 0.405556
0 0.739844 0.427778 0.189063 0.288889
0 0.030469 0.483333 0.060938 0.261111
0 0.033984 0.327778 0.067969 0.169444
0 0.100781 0.333333 0.098438 0.158333
0 0.145313 0.312500 0.084375 0.166667
0 0.223438 0.236806 0.050000 0.081944
0 0.307422 0.368056 0.117969 0.175000
0 0.318750 0.241667 0.059375 0.105556
0 0.376563 0.286111 0.078125 0.144444
0 0.417188 0.218056 0.060938 0.094444
0 0.468750 0.290972 0.090625 0.165278
0 0.560156 0.286111 0.084375 0.150000
0 0.680078 0.286806 0.102344 0.151389
0 0.671875 0.179861 0.046875 0.056944
0 0.806250 0.166667 0.040625 0.061111
0 0.843359 0.177778 0.047656 0.083333
