0 0.109375 0.206250 0.145313 0.215278
0 0.279687 0.207639 0.129688 0.195833
0 0.210938 0.419444 0.140625 0.283333
0 0.344531 0.449306 0.178125 0.279167
0 0.537109 0.403472 0.130469 0.254167
0 0.636328 0.359722 0.141406 0.233333
0 0.708203 0.432639 0.164844 0.287500
0 0.770703 0.353472 0.124219 0.268056
0 0.887891 0.275000 0.107031 0.211111
0 0.500781 0.198611 0.104687 0.169444
0 0.606250 0.161806 0.106250 0.165278
0 0.784375 0.129861 0.084375 0.118056
0 0.919531 0.169444 0.084375 0.169444
0 0.352344 0.084722 0.078125 0.133333
0 0.412109 0.068056 0.071094 0.127778
0 0.641797 0.059722 0.055469 0.111111
0 0.717969 0.041667 0.057813 0.083333
