0 0.158203 0.288194 0.110156 0.173611
0 0.312500 0.883333 0.298438 0.230556
0 0.266406 0.459722 0.128125 0.230556
0 0.301953 0.288194 0.077344 0.151389
0 0.432813 0.338194 0.090625 0.170833
0 0.352344 0.493056 0.135937 0.238889
0 0.455469 0.185417 0.053125 0.093056
0 0.550391 0.504861 0.136719 0.259722
0 0.681250 0.588194 0.142188 0.231944
0 0.817187 0.567361 0.129688 0.243056
0 0.651172 0.379861 0.099219 0.159722
0 0.758203 0.364583 0.097656 0.168056
0 0.585938 0.270139 0.079687 0.123611
0 0.647266 0.253472 0.053906 0.087500
0 0.759766 0.241667 0.063281 0.080556
0 0.892578 0.296528 0.057031 0.120833
0 0.935547 0.288194 0.052344 0.098611
0 0.979297 0.299306 0.041406 0.118056
0 0.983594 0.396528 0.032812 0.129167
