0 0.116797 0.284722 0.105469 0.163889
0 0.267188 0.270139 0.092188 0.159722
0 0.268750 0.452778 0.134375 0.227778
0 0.362109 0.483333 0.132031 0.250000
0 0.455078 0.900694 0.283594 0.195833
0 0.406250 0.310417 0.092188 0.140278
0 0.402344 0.157639 0.054688 0.090278
0 0.472656 0.149306 0.045313 0.087500
0 0.505859 0.155556 0.047656 0.080556
0 0.534375 0.218750 0.056250 0.104167
0 0.570703 0.491667 0.130469 0.261111
0 0.718750 0.552083 0.157813 0.256944
0 0.829687 0.527778 0.135937 0.250000
0 0.624219 0.330556 0.081250 0.150000
0 0.601953 0.216667 0.061719 0.111111
0 0.707031 0.181250 0.051562 0.081944
0 0.755469 0.316667 0.106250 0.169444
0 0.831641 0.236111 0.063281 0.111111
0 0.883984 0.232639 0.053906 0.104167
0 0.913672 0.170139 0.030469 0.062500
0 0.925391 0.242361 0.066406 0.106944
0 0.959766 0.324306 0.080469 0.126389
0 0.979297 0.493056 0.041406 0.205556
