0 0.475000 0.821528 0.240625 0.356944
0 0.632422 0.621528 0.182031 0.309722
0 0.176563 0.562500 0.145313 0.216667
0 0.023047 0.502778 0.046094 0.194444
0 0.092188 0.354861 0.053125 0.104167
0 0.196875 0.358333 0.060938 0.119444
0 0.255078 0.420139 0.078906 0.106944
0 0.348828 0.429167 0.089844 0.147222
0 0.446484 0.428472 0.099219 0.151389
0 0.564844 0.422222 0.095312 0.172222
0 0.248047 0.332639 0.057031 0.093056
0 0.295703 0.331250 0.071094 0.106944
0 0.330859 0.311111 0.042969 0.091667
0 0.351562 0.275694 0.035937 0.054167
0 0.347266 0.225000 0.039844 0.047222
0 0.552734 0.265278 0.050781 0.080556
0 0.680078 0.240972 0.036719 0.093056
0 0.692578 0.209722 0.030469 0.069444
0 0.715625 0.256944 0.039062 0.075000
0 0.751953 0.161806 0.027344 0.026389
0 0.811328 0.171528 0.027344 0.045833
