0 0.963281 0.586806 0.073437 0.256944
0 0.378125 0.863889 0.187500 0.272222
0 0.337109 0.605556 0.089844 0.177778
0 0.200000 0.616667 0.096875 0.200000
0 0.097656 0.652083 0.114063 0.181944
0 0.014453 0.624306 0.028906 0.129167
0 0.014062 0.511111 0.028125 0.091667
0 0.055859 0.513889 0.067969 0.108333
0 0.103516 0.483333 0.055469 0.105556
0 0.134766 0.420833 0.047656 0.086111
0 0.140234 0.357639 0.022656 0.056944
0 0.344922 0.388194 0.042969 0.065278
0 0.472656 0.351389 0.037500 0.063889
0 0.487109 0.329167 0.024219 0.069444
0 0.507031 0.380556 0.053125 0.086111
0 0.549219 0.263889 0.014062 0.038889
0 0.601953 0.252083 0.019531 0.040278
