0 0.048047 0.240278 0.096094 0.200000
0 0.187500 0.203472 0.114063 0.176389
0 0.349219 0.234722 0.100000 0.141667
0 0.283203 0.081944 0.066406 0.086111
0 0.360156 0.065972 0.043750 0.065278
0 0.401953 0.070833 0.046094 0.072222
0 0.446875 0.134722 0.054688 0.125000
0 0.509766 0.134028 0.061719 0.101389
0 0.245312 0.395139 0.146875 0.237500
0 0.355078 0.425000 0.158594 0.261111
0 0.603125 0.085417 0.045313 0.079167
0 0.570703 0.231250 0.074219 0.140278
0 0.668750 0.223611 0.085938 0.141667
0 0.723828 0.119444 0.042969 0.069444
0 0.578516 0.412500 0.147656 0.227778
0 0.646094 0.855556 0.281250 0.286111
0 0.722266 0.448611 0.144531 0.244444
0 0.772266 0.122917 0.050781 0.081944
0 0.782812 0.065972 0.034375 0.054167
0 0.823438 0.122222 0.059375 0.094444
0 0.861719 0.209028 0.071875 0.115278
0 0.817578 0.409028 0.132031 0.204167
0 0.957031 0.337500 0.085938 0.197222
