0 0.959766 0.602778 0.080469 0.263889
0 0.366797 0.870139 0.188281 0.259722
0 0.332422 0.613194 0.099219 0.179167
0 0.195703 0.628472 0.099219 0.187500
0 0.083984 0.657639 0.111719 0.204167
0 0.044922 0.514583 0.061719 0.123611
0 0.082031 0.475694 0.048437 0.120833
0 0.127734 0.428472 0.055469 0.090278
0 0.131250 0.355556 0.037500 0.058333
0 0.337109 0.400694 0.047656 0.087500
0 0.469922 0.347917 0.049219 0.106944
0 0.503906 0.359722 0.051562 0.080556
0 0.544531 0.257639 0.031250 0.040278
0 0.603125 0.259028 0.021875 0.043056
