0 0.947656 0.602778 0.104687 0.252778
0 0.341016 0.882639 0.191406 0.234722
0 0.315625 0.630556 0.101562 0.180556
0 0.177344 0.627083 0.112500 0.193056
0 0.074609 0.672917 0.099219 0.165278
0 0.029687 0.525000 0.057813 0.108333
0 0.075000 0.497222 0.068750 0.105556
0 0.107422 0.436111 0.036719 0.058333
0 0.119141 0.361806 0.022656 0.043056
0 0.327344 0.402778 0.042188 0.088889
0 0.453906 0.354861 0.042188 0.068056
0 0.477344 0.343750 0.032812 0.068056
0 0.494531 0.375000 0.048437 0.086111
0 0.530859 0.271528 0.021094 0.040278
0 0.581641 0.264583 0.017969 0.043056
