0 0.941797 0.616667 0.116406 0.258333
0 0.335547 0.886111 0.205469 0.227778
0 0.310937 0.638889 0.118750 0.208333
0 0.172266 0.652083 0.135156 0.193056
0 0.055469 0.694444 0.110937 0.188889
0 0.031641 0.531250 0.053906 0.112500
0 0.066016 0.502083 0.055469 0.095833
0 0.102344 0.431944 0.043750 0.052778
0 0.113281 0.367361 0.029687 0.073611
0 0.319531 0.420139 0.050000 0.059722
0 0.455078 0.363194 0.044531 0.045833
0 0.460547 0.338194 0.035156 0.056944
0 0.482812 0.374306 0.050000 0.076389
0 0.521484 0.280556 0.024219 0.038889
0 0.576563 0.275000 0.021875 0.050000
