0 0.494922 0.806944 0.219531 0.369444
0 0.647656 0.616667 0.170312 0.286111
0 0.582812 0.416667 0.089062 0.169444
0 0.456641 0.417361 0.091406 0.162500
0 0.370703 0.426389 0.088281 0.141667
0 0.191016 0.559028 0.139844 0.206944
0 0.269531 0.409028 0.103125 0.131944
0 0.027734 0.491667 0.055469 0.213889
0 0.108984 0.350694 0.046094 0.095833
0 0.205469 0.345139 0.068750 0.106944
0 0.262891 0.322917 0.066406 0.131944
0 0.310937 0.316667 0.053125 0.094444
0 0.348828 0.304861 0.042969 0.084722
0 0.378516 0.277778 0.053906 0.063889
0 0.357031 0.213194 0.023438 0.031944
0 0.566016 0.261111 0.038281 0.075000
0 0.689844 0.237500 0.042188 0.080556
0 0.706641 0.210417 0.025781 0.068056
0 0.730078 0.243750 0.057031 0.095833
0 0.769141 0.164583 0.033594 0.054167
0 0.827344 0.165278 0.031250 0.047222
