0 0.076563 0.568056 0.153125 0.419444
0 0.266406 0.367361 0.115625 0.212500
0 0.215625 0.330556 0.095312 0.183333
0 0.322266 0.254861 0.086719 0.131944
0 0.422266 0.264583 0.088281 0.129167
0 0.425000 0.374306 0.118750 0.198611
0 0.519141 0.400694 0.141406 0.206944
0 0.522656 0.206250 0.057813 0.106944
0 0.651953 0.393750 0.128906 0.226389
0 0.612500 0.288194 0.081250 0.126389
0 0.678906 0.258333 0.064062 0.144444
0 0.737109 0.284028 0.080469 0.154167
0 0.777734 0.274306 0.064844 0.120833
0 0.830469 0.222917 0.051562 0.104167
0 0.934375 0.385417 0.128125 0.215278
0 0.940625 0.247222 0.065625 0.105556
