0 0.176953 0.713194 0.238281 0.404167
0 0.244531 0.286806 0.089062 0.140278
0 0.290234 0.386111 0.097656 0.191667
0 0.349609 0.428472 0.099219 0.179167
0 0.377734 0.287500 0.071094 0.130556
0 0.477344 0.323611 0.084375 0.141667
0 0.515625 0.462500 0.114063 0.227778
0 0.620313 0.512500 0.123438 0.277778
0 0.550000 0.237500 0.057813 0.102778
0 0.648438 0.279861 0.070312 0.093056
0 0.678125 0.370833 0.075000 0.169444
0 0.754687 0.541667 0.146875 0.255556
0 0.799219 0.381944 0.071875 0.161111
0 0.867969 0.286806 0.060938 0.106944
0 0.971094 0.333333 0.057813 0.113889
0 0.972266 0.518750 0.055469 0.193056
