0 0.257812 0.835417 0.285937 0.326389
0 0.182812 0.294444 0.090625 0.169444
0 0.268750 0.442361 0.118750 0.218056
0 0.340625 0.463889 0.117188 0.263889
0 0.323438 0.278472 0.076563 0.126389
0 0.437500 0.321528 0.089062 0.143056
0 0.533984 0.488194 0.119531 0.226389
0 0.488281 0.202083 0.064062 0.104167
0 0.560156 0.195139 0.046875 0.068056
0 0.596484 0.261806 0.060156 0.109722
0 0.651953 0.363194 0.089844 0.129167
0 0.662109 0.553472 0.142969 0.290278
0 0.800391 0.558333 0.153906 0.263889
0 0.771094 0.366667 0.089062 0.161111
0 0.801562 0.252083 0.059375 0.098611
0 0.907031 0.299306 0.062500 0.101389
0 0.956250 0.306250 0.065625 0.106944
