0 0.041406 0.224306 0.082813 0.220833
0 0.176172 0.192361 0.102344 0.131944
0 0.286719 0.077083 0.064062 0.109722
0 0.353125 0.053472 0.042188 0.081944
0 0.391016 0.065972 0.049219 0.093056
0 0.432422 0.123611 0.069531 0.119444
0 0.500781 0.125000 0.060938 0.108333
0 0.590625 0.084722 0.053125 0.086111
0 0.344141 0.227778 0.099219 0.169444
0 0.244531 0.393750 0.135937 0.295833
0 0.362500 0.422222 0.150000 0.272222
0 0.566406 0.216667 0.082813 0.144444
0 0.664844 0.213889 0.082813 0.133333
0 0.715234 0.122222 0.053906 0.091667
0 0.758594 0.118056 0.054688 0.088889
0 0.776563 0.054167 0.045313 0.072222
0 0.804297 0.117361 0.061719 0.095833
0 0.864062 0.193056 0.070312 0.113889
0 0.949219 0.316667 0.101562 0.183333
0 0.563672 0.399306 0.135156 0.231944
0 0.719531 0.436806 0.148438 0.243056
0 0.813672 0.400694 0.130469 0.226389
0 0.667969 0.834722 0.329688 0.327778
