0 0.032422 0.254167 0.064844 0.191667
0 0.201953 0.265278 0.111719 0.213889
0 0.144141 0.556250 0.171094 0.268056
0 0.289844 0.581250 0.185937 0.306944
0 0.498437 0.477778 0.160938 0.255556
0 0.594531 0.409722 0.134375 0.258333
0 0.665625 0.491667 0.146875 0.280556
0 0.730469 0.411111 0.140625 0.255556
0 0.830469 0.233333 0.118750 0.172222
0 0.848047 0.110417 0.088281 0.137500
0 0.917188 0.111806 0.100000 0.134722
0 0.708203 0.075694 0.083594 0.131944
0 0.537891 0.149306 0.082031 0.156944
0 0.438281 0.211111 0.117188 0.188889
0 0.430859 0.128472 0.108594 0.176389
0 0.268750 0.068056 0.076563 0.116667
0 0.337109 0.045833 0.069531 0.077778
