0 0.058594 0.252083 0.117188 0.218056
0 0.192188 0.203472 0.092188 0.143056
0 0.294141 0.087500 0.058594 0.088889
0 0.351172 0.239583 0.097656 0.148611
0 0.248047 0.409028 0.150781 0.248611
0 0.363281 0.439583 0.139062 0.287500
0 0.372266 0.074306 0.041406 0.084722
0 0.411328 0.077083 0.049219 0.084722
0 0.449609 0.129167 0.061719 0.122222
0 0.516406 0.140972 0.065625 0.101389
0 0.607422 0.105556 0.057031 0.080556
0 0.576172 0.240972 0.089844 0.129167
0 0.679688 0.231250 0.078125 0.115278
0 0.570312 0.421528 0.137500 0.215278
0 0.725391 0.465278 0.155469 0.255556
0 0.633984 0.875000 0.322656 0.236111
0 0.742578 0.136806 0.057031 0.087500
0 0.832422 0.136806 0.052344 0.087500
0 0.878125 0.207639 0.059375 0.120833
0 0.958984 0.344444 0.082031 0.183333
0 0.821875 0.427083 0.126563 0.237500
