0 0.243750 0.547917 0.175000 0.293056
0 0.440625 0.408333 0.092188 0.166667
0 0.671875 0.488194 0.120312 0.198611
0 0.803516 0.505556 0.116406 0.197222
0 0.593359 0.440278 0.107031 0.186111
0 0.398828 0.371528 0.086719 0.156944
0 0.381641 0.293056 0.064844 0.108333
0 0.497656 0.308333 0.068750 0.116667
0 0.586719 0.334722 0.073437 0.102778
0 0.692578 0.272917 0.047656 0.081944
0 0.774219 0.394444 0.085938 0.138889
0 0.841797 0.374306 0.063281 0.123611
0 0.905859 0.412500 0.083594 0.138889
0 0.949219 0.406250 0.067188 0.129167
0 0.858203 0.332639 0.057031 0.101389
0 0.778125 0.318750 0.059375 0.084722
0 0.808594 0.288889 0.042188 0.069444
0 0.781641 0.279167 0.039844 0.066667
