0 0.413672 0.413194 0.099219 0.176389
0 0.217969 0.568750 0.171875 0.293056
0 0.374219 0.384722 0.087500 0.158333
0 0.358594 0.306250 0.064062 0.126389
0 0.473437 0.309028 0.056250 0.106944
0 0.568750 0.448611 0.101562 0.191667
0 0.644531 0.489583 0.114063 0.206944
0 0.671484 0.468056 0.097656 0.186111
0 0.782422 0.510417 0.122656 0.195833
0 0.750781 0.393750 0.079687 0.140278
0 0.812891 0.375694 0.066406 0.126389
0 0.877344 0.404167 0.079687 0.138889
0 0.754297 0.327083 0.060156 0.101389
0 0.564844 0.343750 0.070312 0.126389
0 0.669922 0.271528 0.046094 0.084722
0 0.754687 0.275694 0.034375 0.065278
0 0.781641 0.281944 0.039844 0.066667
0 0.922656 0.398611 0.056250 0.133333
0 0.833984 0.340972 0.060156 0.115278
0 0.985156 0.330556 0.029687 0.075000
