0 0.185156 0.636111 0.182812 0.311111
0 0.375391 0.436111 0.107031 0.186111
0 0.336719 0.402778 0.098438 0.169444
0 0.312500 0.311806 0.073437 0.126389
0 0.434375 0.317361 0.067188 0.120833
0 0.537500 0.467361 0.106250 0.181944
0 0.619531 0.522917 0.120312 0.195833
0 0.641016 0.486111 0.102344 0.175000
0 0.751953 0.530556 0.116406 0.200000
0 0.525391 0.352083 0.072656 0.123611
0 0.621875 0.260417 0.045313 0.079167
0 0.711328 0.397917 0.078906 0.137500
0 0.771094 0.378472 0.067188 0.118056
0 0.838281 0.406944 0.076563 0.133333
0 0.872656 0.406944 0.070312 0.130556
0 0.942578 0.321528 0.050781 0.081944
0 0.785156 0.325000 0.054688 0.097222
0 0.711719 0.310417 0.057813 0.076389
0 0.736719 0.276389 0.043750 0.083333
0 0.707422 0.268750 0.046094 0.079167
