0 0.196094 0.606944 0.178125 0.305556
0 0.351562 0.391667 0.084375 0.158333
0 0.392188 0.419444 0.098438 0.186111
0 0.337109 0.304861 0.069531 0.123611
0 0.452734 0.314583 0.061719 0.115278
0 0.544141 0.345139 0.072656 0.118056
0 0.548047 0.461806 0.100781 0.187500
0 0.630469 0.508333 0.117188 0.205556
0 0.655078 0.477778 0.099219 0.188889
0 0.762891 0.523611 0.111719 0.202778
0 0.727734 0.395833 0.080469 0.130556
0 0.731250 0.322222 0.057813 0.091667
0 0.644922 0.270139 0.049219 0.076389
0 0.732422 0.275000 0.036719 0.080556
0 0.757422 0.284722 0.044531 0.080556
0 0.787891 0.374306 0.074219 0.123611
0 0.854688 0.405556 0.079687 0.138889
0 0.891797 0.402778 0.069531 0.136111
0 0.807813 0.323611 0.050000 0.091667
0 0.969141 0.325694 0.052344 0.087500
