0 0.177734 0.650000 0.188281 0.311111
0 0.370703 0.440278 0.102344 0.180556
0 0.331641 0.407639 0.099219 0.176389
0 0.305859 0.306944 0.072656 0.116667
0 0.425391 0.315278 0.067969 0.116667
0 0.520312 0.354167 0.075000 0.130556
0 0.533203 0.473611 0.108594 0.183333
0 0.618750 0.527083 0.123438 0.204167
0 0.639063 0.482639 0.104687 0.179167
0 0.750781 0.540278 0.120312 0.208333
0 0.707031 0.393056 0.084375 0.136111
0 0.764844 0.377083 0.065625 0.115278
0 0.829687 0.410417 0.073437 0.129167
0 0.870703 0.404167 0.058594 0.122222
0 0.933594 0.320833 0.050000 0.088889
0 0.703906 0.319444 0.057813 0.102778
0 0.776563 0.319444 0.053125 0.086111
0 0.614844 0.261111 0.051562 0.083333
0 0.697656 0.268750 0.040625 0.076389
0 0.723047 0.275000 0.038281 0.069444
