0 0.189063 0.629861 0.181250 0.304167
0 0.622266 0.521528 0.117969 0.201389
0 0.755078 0.533333 0.116406 0.197222
0 0.542188 0.468750 0.104687 0.187500
0 0.643359 0.481250 0.102344 0.173611
0 0.717188 0.400694 0.082813 0.131944
0 0.779297 0.381250 0.067969 0.123611
0 0.840234 0.412500 0.077344 0.136111
0 0.382422 0.427083 0.103906 0.181944
0 0.341016 0.398611 0.088281 0.172222
0 0.320312 0.311111 0.071875 0.122222
0 0.438281 0.314583 0.067188 0.118056
0 0.530078 0.339583 0.071094 0.098611
0 0.628516 0.268750 0.044531 0.079167
0 0.716406 0.324306 0.054688 0.101389
0 0.792969 0.325000 0.054688 0.086111
0 0.881641 0.404167 0.063281 0.133333
0 0.951172 0.325000 0.050781 0.088889
0 0.745313 0.278472 0.039062 0.073611
0 0.719922 0.277778 0.047656 0.080556
