0 0.195703 0.602083 0.177344 0.290278
0 0.392969 0.423611 0.095312 0.177778
0 0.352344 0.394444 0.089062 0.161111
0 0.335156 0.303472 0.064062 0.120833
0 0.452734 0.314583 0.063281 0.115278
0 0.542969 0.345833 0.071875 0.119444
0 0.548047 0.459028 0.103906 0.179167
0 0.630078 0.513194 0.117969 0.206944
0 0.762109 0.518056 0.114844 0.188889
0 0.654297 0.477778 0.099219 0.180556
0 0.726953 0.391667 0.074219 0.130556
0 0.853906 0.407639 0.081250 0.129167
0 0.889844 0.404167 0.065625 0.127778
0 0.789844 0.377083 0.064062 0.118056
0 0.800391 0.316667 0.067969 0.086111
0 0.732422 0.314583 0.053906 0.076389
0 0.646484 0.270139 0.046094 0.084722
0 0.755469 0.279167 0.045313 0.066667
0 0.731250 0.268750 0.040625 0.059722
0 0.967969 0.329861 0.050000 0.081944
