0 0.192969 0.615278 0.182812 0.302778
0 0.387500 0.428472 0.101562 0.176389
0 0.348437 0.393750 0.092188 0.162500
0 0.328125 0.303472 0.067188 0.115278
0 0.446875 0.314583 0.062500 0.109722
0 0.536328 0.345833 0.077344 0.116667
0 0.546484 0.465278 0.110156 0.191667
0 0.625781 0.516667 0.117188 0.208333
0 0.651953 0.478472 0.100781 0.179167
0 0.759375 0.523611 0.115625 0.194444
0 0.722656 0.400000 0.078125 0.141667
0 0.637109 0.268056 0.046094 0.080556
0 0.725391 0.320833 0.057031 0.097222
0 0.782031 0.378472 0.070312 0.126389
0 0.849219 0.410417 0.078125 0.140278
0 0.889844 0.408333 0.059375 0.133333
0 0.801172 0.334028 0.053906 0.112500
0 0.750391 0.285417 0.042969 0.079167
0 0.725781 0.275694 0.045313 0.073611
0 0.959766 0.326389 0.050781 0.086111
