0 0.175000 0.657639 0.187500 0.320833
0 0.367188 0.439583 0.101562 0.187500
0 0.320312 0.404167 0.089062 0.161111
0 0.296484 0.308333 0.071094 0.122222
0 0.419141 0.315278 0.066406 0.119444
0 0.512109 0.347917 0.071094 0.118056
0 0.529688 0.475694 0.103125 0.190278
0 0.615234 0.529167 0.119531 0.211111
0 0.633203 0.493056 0.108594 0.180556
0 0.747266 0.534028 0.119531 0.195833
0 0.698828 0.395139 0.080469 0.129167
0 0.759375 0.377083 0.064062 0.120833
0 0.823438 0.407639 0.076563 0.131944
0 0.858594 0.397917 0.064062 0.129167
0 0.920313 0.312500 0.048437 0.080556
0 0.606250 0.259028 0.043750 0.070833
0 0.694531 0.315972 0.054688 0.095833
0 0.687109 0.257639 0.035156 0.062500
0 0.714063 0.274306 0.042188 0.079167
