0 0.168359 0.680556 0.200781 0.341667
0 0.351562 0.435417 0.109375 0.181944
0 0.305859 0.400000 0.100781 0.177778
0 0.271094 0.295139 0.075000 0.129167
0 0.394922 0.302778 0.064844 0.119444
0 0.494922 0.343056 0.072656 0.127778
0 0.522266 0.472222 0.107031 0.188889
0 0.611328 0.525000 0.121094 0.208333
0 0.745313 0.530556 0.120312 0.208333
0 0.626562 0.479167 0.109375 0.177778
0 0.681250 0.385417 0.081250 0.129167
0 0.671484 0.295833 0.058594 0.083333
0 0.576953 0.242361 0.042969 0.084722
0 0.658594 0.243056 0.035937 0.066667
0 0.688672 0.256250 0.042969 0.068056
0 0.738672 0.363194 0.071094 0.120833
0 0.805078 0.393056 0.074219 0.133333
0 0.843359 0.389583 0.064844 0.126389
0 0.744531 0.304861 0.054688 0.098611
0 0.892969 0.297222 0.046875 0.083333
