0 0.171875 0.679167 0.201562 0.333333
0 0.353516 0.436806 0.107031 0.193056
0 0.304297 0.404861 0.100781 0.181944
0 0.271484 0.297222 0.077344 0.127778
0 0.394141 0.304167 0.067969 0.119444
0 0.495313 0.342361 0.075000 0.129167
0 0.520703 0.472917 0.108594 0.198611
0 0.612891 0.523611 0.122656 0.216667
0 0.627344 0.486806 0.106250 0.195833
0 0.742969 0.529167 0.123438 0.202778
0 0.684375 0.384722 0.079687 0.130556
0 0.670703 0.297917 0.057031 0.098611
0 0.578906 0.247222 0.045313 0.077778
0 0.658203 0.241667 0.033594 0.058333
0 0.687891 0.255556 0.044531 0.077778
0 0.746094 0.302778 0.050000 0.094444
0 0.739844 0.360417 0.062500 0.115278
0 0.809375 0.395139 0.075000 0.131944
0 0.840234 0.388194 0.066406 0.134722
0 0.891797 0.298611 0.047656 0.077778
0 0.985937 0.352778 0.028125 0.094444
0 0.980469 0.528472 0.039062 0.170833
