0 0.174219 0.659028 0.192188 0.312500
0 0.367188 0.440972 0.104687 0.176389
0 0.322656 0.403472 0.096875 0.176389
0 0.295703 0.305556 0.074219 0.125000
0 0.418750 0.314583 0.067188 0.115278
0 0.512500 0.349306 0.073437 0.123611
0 0.528125 0.476389 0.104687 0.188889
0 0.615625 0.524306 0.121875 0.209722
0 0.635938 0.496528 0.107813 0.195833
0 0.748438 0.536111 0.115625 0.194444
0 0.700000 0.396528 0.087500 0.137500
0 0.757422 0.374306 0.069531 0.115278
0 0.825000 0.407639 0.076563 0.137500
0 0.860156 0.402083 0.065625 0.126389
0 0.924609 0.315972 0.052344 0.090278
0 0.695703 0.313889 0.061719 0.094444
0 0.770703 0.311806 0.058594 0.093056
0 0.717969 0.275000 0.045313 0.063889
0 0.603516 0.258333 0.046094 0.086111
0 0.687109 0.260417 0.041406 0.068056
