0 0.199219 0.777778 0.239063 0.413889
0 0.336719 0.442361 0.115625 0.198611
0 0.277344 0.406250 0.106250 0.193056
0 0.214453 0.281944 0.075781 0.136111
0 0.345313 0.281944 0.073437 0.119444
0 0.456250 0.323611 0.076563 0.138889
0 0.521484 0.469444 0.111719 0.205556
0 0.630078 0.531250 0.132031 0.220833
0 0.761328 0.524306 0.124219 0.206944
0 0.655469 0.357639 0.076563 0.126389
0 0.633203 0.472222 0.111719 0.186111
0 0.516016 0.211806 0.044531 0.084722
0 0.619531 0.265972 0.054688 0.098611
0 0.701953 0.335417 0.067969 0.126389
0 0.777734 0.366667 0.077344 0.127778
0 0.808203 0.354167 0.055469 0.125000
0 0.593750 0.209028 0.037500 0.070833
0 0.623828 0.215972 0.041406 0.068056
0 0.826563 0.257639 0.048437 0.079167
0 0.692969 0.269444 0.048437 0.091667
0 0.940625 0.313194 0.060938 0.095833
