0 0.176172 0.697222 0.217969 0.350000
0 0.346094 0.435417 0.109375 0.195833
0 0.299219 0.403472 0.104687 0.176389
0 0.254687 0.292361 0.073437 0.126389
0 0.381250 0.296528 0.065625 0.118056
0 0.483594 0.334722 0.081250 0.138889
0 0.520312 0.472222 0.115625 0.197222
0 0.610547 0.523611 0.127344 0.225000
0 0.630859 0.478472 0.105469 0.179167
0 0.747266 0.521528 0.116406 0.201389
0 0.671094 0.377083 0.084375 0.134722
0 0.559766 0.236806 0.041406 0.079167
0 0.654688 0.286111 0.056250 0.091667
0 0.639453 0.235417 0.036719 0.068056
0 0.668359 0.249306 0.042969 0.065278
0 0.727734 0.354861 0.063281 0.112500
0 0.797656 0.386111 0.082813 0.136111
0 0.835156 0.376389 0.054688 0.125000
0 0.728516 0.288194 0.050781 0.084722
0 0.874219 0.286806 0.046875 0.076389
0 0.976562 0.345833 0.046875 0.097222
0 0.975391 0.524306 0.049219 0.181944
