0 0.175781 0.707639 0.204688 0.348611
0 0.344531 0.436806 0.110937 0.198611
0 0.291797 0.400000 0.099219 0.183333
0 0.246484 0.288194 0.078906 0.129167
0 0.372266 0.295139 0.066406 0.120833
0 0.478516 0.334028 0.072656 0.134722
0 0.516797 0.465972 0.111719 0.198611
0 0.612500 0.517361 0.123438 0.226389
0 0.626172 0.477083 0.103906 0.187500
0 0.742969 0.525000 0.118750 0.205556
0 0.668750 0.377778 0.082813 0.150000
0 0.649609 0.290278 0.057031 0.100000
0 0.551562 0.231250 0.045313 0.079167
0 0.630078 0.228472 0.035156 0.065278
0 0.659375 0.245139 0.043750 0.073611
0 0.725000 0.350000 0.062500 0.111111
0 0.719141 0.286806 0.052344 0.087500
0 0.791797 0.381944 0.075781 0.136111
0 0.826172 0.378472 0.061719 0.129167
0 0.862109 0.281250 0.047656 0.084722
0 0.971484 0.336111 0.057031 0.094444
0 0.977734 0.525000 0.044531 0.183333
