0 0.188281 0.733333 0.223438 0.372222
0 0.336719 0.438194 0.107813 0.193056
0 0.281641 0.394444 0.096094 0.169444
0 0.229297 0.287500 0.077344 0.138889
0 0.360547 0.284722 0.067969 0.130556
0 0.466016 0.325000 0.077344 0.138889
0 0.513281 0.461806 0.104687 0.198611
0 0.619141 0.526389 0.124219 0.219444
0 0.625781 0.475000 0.114063 0.191667
0 0.747266 0.518056 0.121094 0.205556
0 0.782422 0.375694 0.074219 0.134722
0 0.817578 0.368750 0.060156 0.129167
0 0.661328 0.365278 0.080469 0.133333
0 0.712109 0.341667 0.066406 0.119444
0 0.705078 0.281944 0.047656 0.088889
0 0.634766 0.277778 0.057031 0.091667
0 0.533984 0.220833 0.046094 0.080556
0 0.611719 0.222222 0.035937 0.075000
0 0.638281 0.227778 0.046875 0.077778
0 0.844531 0.271528 0.048437 0.076389
0 0.955078 0.325000 0.060156 0.097222
0 0.976562 0.516667 0.046875 0.172222
