0 0.238672 0.822917 0.255469 0.354167
0 0.339453 0.463889 0.128906 0.213889
0 0.273047 0.422222 0.121094 0.205556
0 0.189844 0.285417 0.085938 0.145833
0 0.324219 0.279861 0.067188 0.126389
0 0.445703 0.325694 0.078906 0.140278
0 0.530469 0.482639 0.120312 0.209722
0 0.642969 0.491667 0.117188 0.191667
0 0.651563 0.551389 0.132812 0.238889
0 0.779297 0.537500 0.122656 0.208333
0 0.491016 0.206250 0.049219 0.084722
0 0.566406 0.201389 0.037500 0.072222
0 0.597656 0.210417 0.045313 0.068056
0 0.599609 0.263194 0.053906 0.098611
0 0.650391 0.357639 0.085156 0.131944
0 0.692969 0.331250 0.062500 0.123611
0 0.671484 0.258333 0.060156 0.091667
0 0.769531 0.361111 0.081250 0.133333
0 0.797266 0.352083 0.069531 0.126389
0 0.798437 0.244444 0.048437 0.086111
0 0.917578 0.302083 0.057031 0.095833
0 0.960547 0.299306 0.069531 0.095833
0 0.987109 0.380556 0.025781 0.125000
0 0.982422 0.512500 0.035156 0.180556
