0 0.223047 0.809722 0.244531 0.380556
0 0.338281 0.455556 0.123438 0.211111
0 0.273828 0.415972 0.111719 0.201389
0 0.197656 0.287500 0.084375 0.141667
0 0.334375 0.286111 0.076563 0.127778
0 0.451172 0.324306 0.078906 0.140278
0 0.528125 0.484722 0.112500 0.211111
0 0.643750 0.546528 0.129688 0.231944
0 0.639844 0.499306 0.117188 0.212500
0 0.770312 0.534028 0.125000 0.226389
0 0.771484 0.364583 0.078906 0.134722
0 0.651563 0.350000 0.078125 0.136111
0 0.496484 0.206944 0.042969 0.077778
0 0.577734 0.201389 0.036719 0.072222
0 0.604297 0.263194 0.052344 0.093056
0 0.607813 0.211111 0.042188 0.069444
0 0.678906 0.270833 0.056250 0.105556
0 0.694531 0.322917 0.068750 0.131944
0 0.808203 0.248611 0.055469 0.086111
0 0.801953 0.350000 0.066406 0.136111
0 0.922656 0.297222 0.056250 0.091667
0 0.972266 0.300694 0.055469 0.112500
