0 0.223047 0.809722 0.249219 0.380556
0 0.531641 0.479861 0.116406 0.209722
0 0.643359 0.547917 0.135156 0.220833
0 0.640625 0.491667 0.117188 0.222222
0 0.775781 0.537500 0.125000 0.230556
0 0.771094 0.357639 0.078125 0.129167
0 0.651953 0.356944 0.082031 0.127778
0 0.605859 0.263889 0.053906 0.102778
0 0.498047 0.203472 0.050781 0.093056
0 0.576563 0.204167 0.043750 0.083333
0 0.607031 0.211111 0.037500 0.075000
0 0.678906 0.265972 0.062500 0.095833
0 0.692969 0.327083 0.079687 0.115278
0 0.810156 0.245139 0.048437 0.076389
0 0.924219 0.305556 0.062500 0.102778
0 0.970312 0.303472 0.059375 0.095833
0 0.449219 0.322222 0.076563 0.136111
0 0.335547 0.456250 0.124219 0.206944
0 0.279297 0.420139 0.127344 0.204167
0 0.331641 0.282639 0.074219 0.129167
0 0.200391 0.281944 0.085156 0.141667
