0 0.269922 0.851389 0.272656 0.297222
0 0.340234 0.480556 0.127344 0.216667
0 0.545313 0.502778 0.121875 0.225000
0 0.668750 0.573611 0.140625 0.236111
0 0.657031 0.506250 0.115625 0.198611
0 0.794531 0.551389 0.131250 0.216667
0 0.767187 0.362500 0.082813 0.130556
0 0.649609 0.364583 0.086719 0.145833
0 0.682422 0.326389 0.069531 0.127778
0 0.657031 0.247222 0.048437 0.088889
0 0.783203 0.239583 0.042969 0.076389
0 0.792578 0.352083 0.067969 0.131944
0 0.439063 0.329167 0.079687 0.138889
0 0.268750 0.436111 0.125000 0.211111
0 0.175000 0.286111 0.089062 0.138889
0 0.314063 0.288194 0.076563 0.129167
0 0.471875 0.200000 0.042188 0.086111
0 0.550781 0.195833 0.040625 0.075000
0 0.580078 0.206250 0.046094 0.076389
0 0.586719 0.256944 0.059375 0.091667
0 0.902734 0.292361 0.057031 0.106944
0 0.948828 0.290278 0.050781 0.088889
