0 0.251953 0.831944 0.261719 0.336111
0 0.338672 0.475000 0.121094 0.216667
0 0.271094 0.425694 0.118750 0.198611
0 0.183984 0.290278 0.088281 0.141667
0 0.316797 0.284722 0.074219 0.130556
0 0.439063 0.322222 0.084375 0.147222
0 0.538672 0.493056 0.122656 0.213889
0 0.662109 0.565278 0.138281 0.225000
0 0.649219 0.490278 0.112500 0.172222
0 0.794531 0.557639 0.131250 0.231944
0 0.651172 0.367361 0.089844 0.148611
0 0.688672 0.325694 0.067969 0.120833
0 0.664844 0.254167 0.054688 0.080556
0 0.595312 0.263889 0.062500 0.102778
0 0.591797 0.206944 0.044531 0.072222
0 0.560938 0.201389 0.045313 0.075000
0 0.480469 0.200694 0.048437 0.084722
0 0.791016 0.243056 0.050781 0.086111
0 0.768750 0.363194 0.084375 0.137500
0 0.795703 0.344444 0.066406 0.122222
0 0.911328 0.295139 0.060156 0.093056
0 0.956250 0.293056 0.060938 0.094444
