0 0.211328 0.793750 0.242969 0.406944
0 0.522266 0.475694 0.111719 0.212500
0 0.637891 0.536806 0.130469 0.220833
0 0.764063 0.529861 0.118750 0.212500
0 0.637500 0.483333 0.112500 0.208333
0 0.337891 0.452083 0.122656 0.218056
0 0.275000 0.412500 0.106250 0.208333
0 0.205859 0.279861 0.078906 0.134722
0 0.336719 0.282639 0.071875 0.129167
0 0.453516 0.327083 0.072656 0.143056
0 0.507422 0.211111 0.050781 0.086111
0 0.585938 0.205556 0.032812 0.075000
0 0.610547 0.265972 0.050781 0.098611
0 0.654297 0.363194 0.085156 0.151389
0 0.699219 0.329861 0.065625 0.126389
0 0.773438 0.363889 0.075000 0.144444
0 0.616797 0.214583 0.036719 0.059722
0 0.816016 0.257639 0.046094 0.079167
0 0.685938 0.271528 0.051562 0.098611
0 0.932813 0.306944 0.057813 0.091667
0 0.977734 0.306250 0.044531 0.104167
