0 0.153516 0.297917 0.092969 0.159722
0 0.292578 0.284028 0.077344 0.134722
0 0.266797 0.450694 0.125781 0.218056
0 0.348047 0.506944 0.138281 0.247222
0 0.429688 0.329167 0.090625 0.150000
0 0.336328 0.884722 0.283594 0.230556
0 0.556641 0.516667 0.127344 0.230556
0 0.691797 0.583333 0.141406 0.258333
0 0.672266 0.515972 0.111719 0.212500
0 0.812891 0.563194 0.135156 0.231944
0 0.640625 0.363889 0.084375 0.150000
0 0.567969 0.252778 0.057813 0.105556
0 0.555078 0.195833 0.046094 0.075000
0 0.523438 0.184028 0.046875 0.081944
0 0.445703 0.187500 0.049219 0.083333
0 0.639453 0.244444 0.057031 0.088889
0 0.671094 0.314583 0.067188 0.120833
0 0.758203 0.354861 0.082031 0.137500
0 0.779688 0.343056 0.070312 0.133333
0 0.755469 0.221528 0.045313 0.081944
0 0.879687 0.273611 0.059375 0.083333
0 0.921094 0.270139 0.053125 0.095833
0 0.972266 0.285417 0.055469 0.104167
0 0.978906 0.368056 0.042188 0.130556
0 0.983984 0.500000 0.032031 0.163889
0 0.975391 0.214583 0.035156 0.068056
