0 0.354688 0.893750 0.289062 0.212500
0 0.349219 0.500694 0.132812 0.229167
0 0.271484 0.454861 0.139844 0.223611
0 0.146875 0.298611 0.096875 0.150000
0 0.290234 0.275000 0.082031 0.133333
0 0.426172 0.322222 0.086719 0.136111
0 0.558594 0.512500 0.128125 0.227778
0 0.698828 0.576389 0.139844 0.263889
0 0.816406 0.554167 0.135937 0.230556
0 0.639453 0.362500 0.092969 0.141667
0 0.757031 0.347222 0.090625 0.141667
0 0.560938 0.247222 0.054688 0.100000
0 0.433594 0.177778 0.054688 0.077778
0 0.512500 0.175000 0.042188 0.075000
0 0.545703 0.183333 0.050781 0.072222
0 0.670313 0.504167 0.112500 0.208333
0 0.630078 0.240278 0.055469 0.091667
0 0.665625 0.311111 0.067188 0.122222
0 0.747266 0.210417 0.049219 0.090278
0 0.867188 0.268056 0.056250 0.102778
0 0.911719 0.269444 0.056250 0.102778
0 0.968359 0.273611 0.053906 0.100000
0 0.973437 0.362500 0.053125 0.130556
0 0.984375 0.494444 0.031250 0.155556
0 0.960938 0.207639 0.035937 0.065278
