0 0.131641 0.290278 0.097656 0.158333
0 0.268359 0.448611 0.135156 0.225000
0 0.351562 0.498611 0.139062 0.241667
0 0.271875 0.271528 0.081250 0.140278
0 0.414844 0.317361 0.084375 0.145833
0 0.415234 0.167361 0.049219 0.093056
0 0.564062 0.510417 0.132812 0.240278
0 0.705859 0.571528 0.150781 0.256944
0 0.671875 0.500694 0.126563 0.215278
0 0.628906 0.338194 0.087500 0.131944
0 0.544922 0.231944 0.053906 0.100000
0 0.495703 0.161806 0.044531 0.081944
0 0.524219 0.175694 0.048437 0.073611
0 0.612109 0.225000 0.053906 0.088889
0 0.656641 0.298611 0.072656 0.119444
0 0.742969 0.338194 0.076563 0.134722
0 0.763672 0.320139 0.067969 0.131944
0 0.819531 0.543056 0.139062 0.222222
0 0.983594 0.478472 0.032812 0.176389
0 0.967188 0.343056 0.065625 0.136111
0 0.851953 0.254167 0.057031 0.097222
0 0.890234 0.250000 0.057031 0.108333
0 0.947656 0.253472 0.051562 0.090278
0 0.937109 0.190972 0.036719 0.062500
0 0.727734 0.196528 0.050781 0.084722
0 0.406641 0.897222 0.292969 0.205556
