0 0.349219 0.497222 0.132812 0.227778
0 0.355859 0.893056 0.300781 0.213889
0 0.558984 0.515972 0.128906 0.223611
0 0.696484 0.583333 0.144531 0.244444
0 0.671484 0.514583 0.121094 0.204167
0 0.816797 0.553472 0.127344 0.229167
0 0.262500 0.445833 0.121875 0.230556
0 0.148047 0.295833 0.099219 0.147222
0 0.288281 0.274306 0.079687 0.123611
0 0.425391 0.323611 0.088281 0.138889
0 0.435547 0.178472 0.047656 0.081944
0 0.638672 0.354861 0.083594 0.134722
0 0.560547 0.240972 0.055469 0.104167
0 0.753516 0.354861 0.080469 0.137500
0 0.868750 0.267361 0.054688 0.095833
0 0.908203 0.263194 0.053906 0.098611
0 0.964453 0.276389 0.053906 0.088889
0 0.977734 0.355556 0.044531 0.122222
0 0.631250 0.243056 0.056250 0.108333
0 0.745703 0.215278 0.046094 0.080556
0 0.513672 0.180556 0.044531 0.086111
0 0.544141 0.186111 0.044531 0.075000
0 0.961328 0.209028 0.035156 0.059722
0 0.665625 0.313194 0.067188 0.129167
0 0.777344 0.338889 0.065625 0.122222
