0 0.137500 0.289583 0.090625 0.156944
0 0.264062 0.454167 0.125000 0.225000
0 0.350000 0.501389 0.135937 0.236111
0 0.282031 0.274306 0.079687 0.137500
0 0.421094 0.321528 0.084375 0.145833
0 0.560156 0.516667 0.132812 0.236111
0 0.703125 0.580556 0.146875 0.261111
0 0.819922 0.550694 0.128906 0.218056
0 0.634766 0.354167 0.088281 0.147222
0 0.676172 0.495833 0.122656 0.213889
0 0.747656 0.343750 0.078125 0.137500
0 0.660547 0.302778 0.069531 0.138889
0 0.553516 0.236111 0.055469 0.102778
0 0.502344 0.168056 0.042188 0.080556
0 0.533984 0.178472 0.046094 0.081944
0 0.426172 0.173611 0.050781 0.097222
0 0.376172 0.893750 0.285156 0.212500
0 0.621875 0.234722 0.056250 0.105556
0 0.736719 0.204861 0.050000 0.079167
0 0.860547 0.258333 0.057031 0.091667
0 0.903125 0.250694 0.053125 0.098611
0 0.969922 0.351389 0.060156 0.127778
0 0.983594 0.488889 0.032812 0.169444
0 0.955469 0.266667 0.053125 0.094444
0 0.949609 0.203472 0.035156 0.068056
0 0.970703 0.243750 0.041406 0.087500
