0 0.380078 0.891667 0.286719 0.216667
0 0.350000 0.502778 0.135937 0.238889
0 0.266016 0.454167 0.124219 0.225000
0 0.139062 0.290278 0.104687 0.163889
0 0.280469 0.280556 0.079687 0.150000
0 0.420703 0.324306 0.089844 0.140278
0 0.561719 0.510417 0.129688 0.231944
0 0.701953 0.582639 0.142969 0.256944
0 0.675781 0.502083 0.123438 0.206944
0 0.818359 0.553472 0.130469 0.234722
0 0.749609 0.343750 0.078906 0.134722
0 0.423828 0.174306 0.047656 0.084722
0 0.506641 0.170139 0.046094 0.076389
0 0.533984 0.180556 0.046094 0.075000
0 0.549219 0.239583 0.064062 0.106944
0 0.621094 0.231944 0.060938 0.102778
0 0.659766 0.304861 0.067969 0.134722
0 0.632031 0.351389 0.084375 0.150000
0 0.737891 0.207639 0.053906 0.084722
0 0.862500 0.263889 0.059375 0.100000
0 0.903125 0.256944 0.057813 0.097222
0 0.953906 0.259722 0.056250 0.105556
0 0.948828 0.197917 0.030469 0.059722
0 0.973828 0.245139 0.036719 0.087500
0 0.966797 0.345139 0.066406 0.134722
0 0.774609 0.320139 0.066406 0.126389
