0 0.101172 0.279167 0.103906 0.163889
0 0.249219 0.254861 0.085938 0.137500
0 0.265625 0.441667 0.143750 0.247222
0 0.355469 0.490972 0.154687 0.234722
0 0.398828 0.297222 0.092969 0.144444
0 0.378516 0.144444 0.049219 0.091667
0 0.453125 0.131944 0.039062 0.086111
0 0.485156 0.143750 0.048437 0.076389
0 0.514063 0.199306 0.057813 0.101389
0 0.580469 0.201389 0.051562 0.097222
0 0.633594 0.265278 0.076563 0.119444
0 0.612891 0.322222 0.080469 0.147222
0 0.573828 0.481250 0.130469 0.234722
0 0.681250 0.463889 0.120312 0.202778
0 0.721484 0.542361 0.149219 0.231944
0 0.830469 0.516667 0.129688 0.236111
0 0.725000 0.303472 0.082813 0.143056
0 0.742578 0.284028 0.069531 0.123611
0 0.687500 0.172917 0.045313 0.079167
0 0.817578 0.217361 0.057031 0.084722
0 0.855469 0.215278 0.054688 0.100000
0 0.905469 0.223611 0.048437 0.075000
0 0.914844 0.197917 0.040625 0.090278
0 0.889063 0.150000 0.037500 0.036111
0 0.942578 0.306944 0.074219 0.125000
0 0.487891 0.904167 0.285156 0.191667
0 0.976172 0.442361 0.047656 0.181944
