0 0.107031 0.279167 0.096875 0.166667
0 0.254687 0.256944 0.079687 0.133333
0 0.400391 0.299306 0.085156 0.151389
0 0.386328 0.150000 0.046094 0.091667
0 0.463281 0.140972 0.043750 0.070833
0 0.497656 0.150000 0.045313 0.077778
0 0.524609 0.200000 0.057031 0.102778
0 0.585938 0.204167 0.056250 0.100000
0 0.697266 0.175694 0.046094 0.095833
0 0.898438 0.161806 0.035937 0.056944
0 0.827734 0.225694 0.063281 0.081944
0 0.862109 0.221528 0.049219 0.095833
0 0.914062 0.224306 0.051562 0.095833
0 0.929688 0.202083 0.040625 0.073611
0 0.955469 0.306250 0.073437 0.134722
0 0.977734 0.452778 0.044531 0.177778
0 0.728125 0.319444 0.076563 0.138889
0 0.748828 0.302778 0.067969 0.119444
0 0.635938 0.280556 0.071875 0.122222
0 0.616016 0.325694 0.082031 0.140278
0 0.571484 0.491667 0.127344 0.222222
0 0.673047 0.472917 0.116406 0.198611
0 0.716016 0.555556 0.142969 0.250000
0 0.823828 0.524306 0.135156 0.226389
0 0.357422 0.493056 0.139844 0.236111
0 0.266406 0.447222 0.132812 0.225000
0 0.465625 0.902083 0.284375 0.195833
