0 0.055078 0.256250 0.108594 0.179167
0 0.209375 0.229861 0.084375 0.151389
0 0.255469 0.419444 0.139062 0.236111
0 0.358984 0.465972 0.142969 0.254167
0 0.366406 0.263889 0.090625 0.152778
0 0.318750 0.104861 0.050000 0.093056
0 0.393750 0.093750 0.043750 0.079167
0 0.428516 0.104167 0.047656 0.077778
0 0.469141 0.159722 0.063281 0.100000
0 0.533594 0.156944 0.054688 0.100000
0 0.595312 0.222917 0.071875 0.123611
0 0.584766 0.272917 0.085156 0.134722
0 0.574219 0.450000 0.126563 0.230556
0 0.679297 0.430556 0.113281 0.200000
0 0.728906 0.500694 0.145313 0.248611
0 0.819531 0.458333 0.125000 0.222222
0 0.690625 0.255556 0.081250 0.141667
0 0.630859 0.121528 0.049219 0.084722
0 0.601953 0.893056 0.300781 0.213889
0 0.760938 0.168056 0.053125 0.091667
0 0.794141 0.155556 0.053906 0.094444
0 0.844922 0.159722 0.050781 0.086111
0 0.894922 0.243056 0.078906 0.136111
0 0.959766 0.374306 0.077344 0.179167
0 0.812891 0.097917 0.032031 0.054167
