0 0.056250 0.254861 0.107813 0.170833
0 0.207422 0.227083 0.085156 0.156944
0 0.259375 0.422222 0.148438 0.241667
0 0.363672 0.463889 0.150781 0.258333
0 0.366016 0.255556 0.089844 0.141667
0 0.319531 0.101389 0.054688 0.091667
0 0.393750 0.093056 0.040625 0.086111
0 0.427734 0.101389 0.049219 0.086111
0 0.467187 0.157639 0.059375 0.106944
0 0.535156 0.152778 0.051562 0.100000
0 0.583594 0.274306 0.085938 0.134722
0 0.594531 0.221528 0.067188 0.118056
0 0.630469 0.122917 0.043750 0.079167
0 0.685938 0.253472 0.081250 0.140278
0 0.572266 0.452083 0.130469 0.240278
0 0.676562 0.429861 0.115625 0.212500
0 0.727344 0.497917 0.145313 0.251389
0 0.823828 0.459722 0.124219 0.233333
0 0.600781 0.895139 0.298438 0.209722
0 0.760547 0.164583 0.050781 0.093056
0 0.789062 0.153472 0.056250 0.090278
0 0.843359 0.160417 0.050781 0.090278
0 0.813281 0.095833 0.029687 0.052778
0 0.892187 0.247222 0.075000 0.130556
0 0.960938 0.375000 0.075000 0.180556
