0 0.064844 0.268056 0.104687 0.180556
0 0.213672 0.229861 0.089844 0.156944
0 0.259766 0.425000 0.144531 0.238889
0 0.365625 0.472917 0.157813 0.248611
0 0.371875 0.274306 0.090625 0.168056
0 0.329688 0.115278 0.050000 0.091667
0 0.403125 0.097222 0.045313 0.075000
0 0.437109 0.109722 0.047656 0.072222
0 0.475781 0.168056 0.059375 0.111111
0 0.539453 0.158333 0.057031 0.111111
0 0.643750 0.128472 0.042188 0.079167
0 0.599609 0.230556 0.078906 0.125000
0 0.594531 0.285417 0.082813 0.137500
0 0.587891 0.900000 0.297656 0.200000
0 0.579687 0.459722 0.134375 0.236111
0 0.731250 0.516667 0.150000 0.258333
0 0.679688 0.432639 0.121875 0.209722
0 0.826563 0.470833 0.125000 0.233333
0 0.695703 0.264583 0.078906 0.134722
0 0.714453 0.251389 0.058594 0.127778
0 0.769531 0.176389 0.051562 0.088889
0 0.801953 0.166667 0.053906 0.088889
0 0.824219 0.109028 0.023438 0.059722
0 0.857422 0.168056 0.057031 0.086111
0 0.903125 0.246528 0.075000 0.123611
0 0.965625 0.390972 0.064062 0.195833
