0 0.032422 0.212500 0.064844 0.175000
0 0.161719 0.178472 0.093750 0.148611
0 0.258984 0.055556 0.058594 0.086111
0 0.329297 0.208333 0.089844 0.161111
0 0.333203 0.042361 0.049219 0.079167
0 0.369922 0.044444 0.046094 0.088889
0 0.414844 0.098611 0.064062 0.116667
0 0.479688 0.097222 0.051562 0.102778
0 0.572656 0.059028 0.046875 0.087500
0 0.550781 0.156944 0.073437 0.125000
0 0.550781 0.208333 0.087500 0.136111
0 0.650781 0.186806 0.081250 0.134722
0 0.703516 0.096528 0.047656 0.090278
0 0.732813 0.084722 0.054688 0.100000
0 0.746094 0.032639 0.029687 0.054167
0 0.783203 0.091667 0.050781 0.091667
0 0.838672 0.168750 0.075781 0.123611
0 0.980078 0.085417 0.036719 0.070833
0 0.966797 0.215278 0.063281 0.147222
0 0.938672 0.293750 0.107031 0.184722
0 0.801562 0.378472 0.128125 0.218056
0 0.721875 0.419444 0.145313 0.261111
0 0.564453 0.373611 0.136719 0.238889
0 0.663672 0.350694 0.127344 0.229167
0 0.359375 0.399306 0.150000 0.254167
0 0.242578 0.369444 0.141406 0.258333
0 0.683203 0.838194 0.302344 0.323611
