0 0.047656 0.240278 0.095312 0.166667
0 0.191016 0.209028 0.085156 0.143056
0 0.250391 0.402778 0.132031 0.244444
0 0.361328 0.436111 0.146094 0.247222
0 0.352344 0.239583 0.092188 0.151389
0 0.299219 0.084722 0.054688 0.091667
0 0.373828 0.074306 0.046094 0.073611
0 0.409766 0.079167 0.052344 0.083333
0 0.451172 0.144444 0.060156 0.094444
0 0.516797 0.135417 0.055469 0.098611
0 0.614062 0.097222 0.043750 0.069444
0 0.741406 0.145139 0.050000 0.090278
0 0.775000 0.134722 0.057813 0.091667
0 0.828906 0.129861 0.050000 0.095833
0 0.791406 0.068056 0.037500 0.038889
0 0.878125 0.213194 0.071875 0.118056
0 0.954687 0.343056 0.087500 0.169444
0 0.674609 0.234028 0.080469 0.129167
0 0.694531 0.209722 0.059375 0.111111
0 0.572266 0.248611 0.082031 0.125000
0 0.576953 0.199306 0.064844 0.118056
0 0.572656 0.426389 0.132812 0.227778
0 0.673437 0.403472 0.120312 0.215278
0 0.728125 0.469444 0.143750 0.244444
0 0.817969 0.425000 0.128125 0.213889
0 0.634766 0.870139 0.310156 0.259722
