0 0.040625 0.219444 0.081250 0.180556
0 0.170703 0.191667 0.094531 0.161111
0 0.356641 0.397917 0.144531 0.231944
0 0.242969 0.375694 0.137500 0.256944
0 0.333594 0.210417 0.089062 0.145833
0 0.266797 0.058333 0.057031 0.088889
0 0.341797 0.050000 0.046094 0.066667
0 0.379297 0.059028 0.049219 0.070833
0 0.423047 0.112500 0.064844 0.122222
0 0.487500 0.110417 0.059375 0.109722
0 0.581641 0.068056 0.050781 0.075000
0 0.558594 0.163194 0.075000 0.101389
0 0.556250 0.225694 0.084375 0.131944
0 0.575391 0.388194 0.141406 0.231944
0 0.666406 0.356944 0.112500 0.222222
0 0.719141 0.429167 0.153906 0.255556
0 0.805078 0.383333 0.127344 0.219444
0 0.657812 0.193750 0.084375 0.134722
0 0.711328 0.111111 0.053906 0.088889
0 0.745313 0.102083 0.050000 0.090278
0 0.796875 0.104167 0.057813 0.091667
0 0.758984 0.044444 0.036719 0.052778
0 0.847266 0.181944 0.069531 0.133333
0 0.943750 0.302083 0.104687 0.168056
0 0.673828 0.849306 0.310156 0.301389
0 0.971094 0.233333 0.054688 0.155556
