0 0.040234 0.215972 0.080469 0.187500
0 0.160938 0.179167 0.087500 0.155556
0 0.241406 0.370139 0.148438 0.256944
0 0.357031 0.399306 0.145313 0.254167
0 0.330469 0.209028 0.092188 0.156944
0 0.258594 0.054167 0.059375 0.091667
0 0.334766 0.038889 0.044531 0.077778
0 0.368750 0.047917 0.051562 0.079167
0 0.414844 0.095139 0.065625 0.106944
0 0.478516 0.090972 0.053906 0.087500
0 0.573828 0.062500 0.046094 0.080556
0 0.551562 0.156944 0.075000 0.119444
0 0.547266 0.212500 0.088281 0.136111
0 0.563672 0.374306 0.132031 0.240278
0 0.669141 0.357639 0.117969 0.215278
0 0.719922 0.415972 0.142969 0.256944
0 0.805859 0.370833 0.117969 0.213889
0 0.648438 0.185417 0.084375 0.131944
0 0.704297 0.095833 0.053906 0.088889
0 0.732813 0.094444 0.056250 0.102778
0 0.787109 0.086111 0.049219 0.086111
0 0.747266 0.031250 0.033594 0.048611
0 0.842188 0.162500 0.070312 0.116667
0 0.937109 0.283333 0.102344 0.175000
0 0.966797 0.214583 0.063281 0.154167
0 0.981641 0.079861 0.033594 0.076389
0 0.682813 0.838889 0.304688 0.322222
