0 0.122266 0.170833 0.094531 0.152778
0 0.223047 0.379861 0.152344 0.245833
0 0.348828 0.409028 0.155469 0.265278
0 0.296875 0.194444 0.100000 0.166667
0 0.207422 0.039583 0.057031 0.079167
0 0.284375 0.026389 0.045313 0.052778
0 0.321875 0.028472 0.046875 0.056944
0 0.379297 0.079861 0.067969 0.109722
0 0.439453 0.069444 0.060156 0.086111
0 0.530078 0.028472 0.046094 0.056944
0 0.517578 0.129167 0.069531 0.113889
0 0.518359 0.190972 0.086719 0.137500
0 0.616797 0.160417 0.082031 0.140278
0 0.659375 0.061111 0.053125 0.086111
0 0.698438 0.050000 0.040625 0.086111
0 0.739453 0.044444 0.047656 0.088889
0 0.799609 0.131250 0.071094 0.120833
0 0.932031 0.033333 0.042188 0.066667
0 0.937109 0.172222 0.083594 0.141667
0 0.907422 0.255556 0.108594 0.175000
0 0.784375 0.350694 0.121875 0.206944
0 0.710938 0.397222 0.146875 0.252778
0 0.645703 0.342361 0.130469 0.223611
0 0.554688 0.368056 0.145313 0.233333
0 0.731641 0.846528 0.314844 0.306944
