0 0.225000 0.390278 0.146875 0.252778
0 0.347656 0.421528 0.146875 0.254167
0 0.737109 0.867361 0.314844 0.265278
0 0.553516 0.377083 0.132031 0.240278
0 0.643750 0.338194 0.123438 0.215278
0 0.708203 0.402083 0.144531 0.251389
0 0.782812 0.354167 0.120312 0.227778
0 0.900781 0.250694 0.104687 0.162500
0 0.929297 0.170833 0.080469 0.136111
0 0.985156 0.182639 0.026563 0.134722
0 0.921875 0.028472 0.043750 0.056944
0 0.796875 0.122917 0.073437 0.126389
0 0.733203 0.047222 0.050781 0.086111
0 0.687500 0.047222 0.051562 0.094444
0 0.653906 0.054167 0.057813 0.091667
0 0.610937 0.156944 0.082813 0.150000
0 0.514844 0.183333 0.085938 0.147222
0 0.514063 0.140278 0.084375 0.141667
0 0.520703 0.031944 0.049219 0.058333
0 0.431641 0.065972 0.055469 0.098611
0 0.367188 0.075694 0.060938 0.112500
0 0.312500 0.030556 0.050000 0.061111
0 0.272266 0.025694 0.042969 0.051389
0 0.200000 0.035417 0.057813 0.070833
0 0.113672 0.172222 0.096094 0.144444
0 0.291797 0.197222 0.091406 0.169444
