0 0.030859 0.215278 0.061719 0.191667
0 0.145313 0.169444 0.095312 0.150000
0 0.236719 0.367361 0.145313 0.254167
0 0.355859 0.400000 0.150781 0.266667
0 0.316797 0.191667 0.088281 0.158333
0 0.239063 0.045833 0.059375 0.091667
0 0.314453 0.033333 0.046094 0.066667
0 0.351953 0.037500 0.050781 0.075000
0 0.399219 0.091667 0.067188 0.119444
0 0.465234 0.081250 0.060156 0.109722
0 0.555078 0.044444 0.047656 0.077778
0 0.537891 0.138194 0.074219 0.112500
0 0.535937 0.204167 0.085938 0.138889
0 0.560938 0.363194 0.132812 0.240278
0 0.658203 0.334722 0.116406 0.197222
0 0.717578 0.400694 0.149219 0.248611
0 0.793750 0.352778 0.129688 0.211111
0 0.637891 0.170139 0.078906 0.143056
0 0.684375 0.081250 0.056250 0.093056
0 0.712500 0.072222 0.057813 0.091667
0 0.767969 0.071528 0.046875 0.081944
0 0.826172 0.145139 0.072656 0.120833
0 0.925000 0.269444 0.101562 0.175000
0 0.960156 0.196528 0.076563 0.134722
0 0.963672 0.061111 0.046094 0.072222
0 0.725391 0.016667 0.035156 0.033333
0 0.703906 0.837500 0.314063 0.325000
