0 0.121484 0.172917 0.097656 0.156944
0 0.222656 0.377778 0.145313 0.252778
0 0.351953 0.408333 0.150781 0.247222
0 0.551953 0.371528 0.127344 0.229167
0 0.647266 0.345833 0.117969 0.222222
0 0.709766 0.403472 0.142969 0.254167
0 0.782031 0.341667 0.123438 0.219444
0 0.905469 0.255556 0.101562 0.166667
0 0.935547 0.172917 0.077344 0.140278
0 0.803125 0.126389 0.070312 0.119444
0 0.740234 0.052778 0.057031 0.091667
0 0.694141 0.054167 0.061719 0.108333
0 0.659375 0.055556 0.062500 0.105556
0 0.617578 0.154167 0.089844 0.152778
0 0.519531 0.184028 0.093750 0.134722
0 0.517969 0.136806 0.076563 0.145833
0 0.528516 0.031944 0.047656 0.063889
0 0.437500 0.065972 0.062500 0.101389
0 0.378125 0.081944 0.065625 0.111111
0 0.209375 0.038194 0.053125 0.070833
0 0.297656 0.193750 0.096875 0.154167
0 0.282031 0.028472 0.040625 0.056944
0 0.322266 0.035417 0.039844 0.059722
0 0.933203 0.032639 0.039844 0.065278
0 0.731250 0.856944 0.306250 0.286111
0 0.022266 0.217361 0.044531 0.156944
