0 0.080859 0.197222 0.097656 0.163889
0 0.162500 0.038889 0.070312 0.077778
0 0.236328 0.021528 0.046094 0.043056
0 0.281641 0.026389 0.053906 0.041667
0 0.339453 0.074306 0.064844 0.109722
0 0.404297 0.059028 0.061719 0.106944
0 0.491797 0.020833 0.050781 0.033333
0 0.624219 0.040972 0.051562 0.081944
0 0.658594 0.038889 0.043750 0.072222
0 0.699219 0.034722 0.046875 0.069444
0 0.765625 0.115972 0.068750 0.120833
0 0.901563 0.156944 0.082813 0.144444
0 0.970703 0.155556 0.055469 0.133333
0 0.877344 0.247917 0.101562 0.176389
0 0.760547 0.365972 0.132031 0.209722
0 0.698828 0.436111 0.144531 0.250000
0 0.539844 0.407639 0.132812 0.245833
0 0.625781 0.367361 0.126563 0.220833
0 0.587500 0.159028 0.078125 0.140278
0 0.491016 0.193750 0.089844 0.154167
0 0.487891 0.136111 0.074219 0.127778
0 0.337109 0.462500 0.153906 0.272222
0 0.200391 0.431250 0.135156 0.262500
0 0.266797 0.213889 0.097656 0.169444
0 0.757422 0.916667 0.278906 0.166667
