0 0.073437 0.201389 0.100000 0.161111
0 0.199219 0.443750 0.154687 0.256944
0 0.335156 0.479167 0.159375 0.263889
0 0.538281 0.415278 0.140625 0.230556
0 0.624609 0.368750 0.119531 0.201389
0 0.696094 0.434722 0.148438 0.247222
0 0.759766 0.363889 0.127344 0.225000
0 0.872656 0.243750 0.101562 0.154167
0 0.896094 0.153472 0.082813 0.120833
0 0.967578 0.150694 0.061719 0.143056
0 0.582812 0.150694 0.079687 0.170833
0 0.484375 0.194444 0.092188 0.133333
0 0.480469 0.125000 0.079687 0.116667
0 0.760156 0.109028 0.078125 0.131944
0 0.616406 0.040278 0.054688 0.080556
0 0.650000 0.037500 0.056250 0.069444
0 0.693359 0.034722 0.066406 0.061111
0 0.330469 0.068750 0.070312 0.106944
0 0.398047 0.053472 0.057031 0.098611
0 0.261328 0.225694 0.105469 0.162500
0 0.150781 0.033333 0.064062 0.066667
0 0.227734 0.016667 0.044531 0.033333
0 0.269922 0.022917 0.057031 0.045833
0 0.480859 0.017361 0.050781 0.034722
0 0.762500 0.939583 0.246875 0.120833
