0 0.191016 0.040278 0.057031 0.080556
0 0.262891 0.022917 0.042969 0.045833
0 0.305469 0.027083 0.053125 0.054167
0 0.359766 0.075000 0.069531 0.105556
0 0.425000 0.063194 0.064062 0.098611
0 0.512109 0.026389 0.049219 0.052778
0 0.508203 0.136806 0.074219 0.140278
0 0.508594 0.193750 0.085938 0.145833
0 0.604297 0.161111 0.080469 0.138889
0 0.645703 0.051389 0.050781 0.097222
0 0.680469 0.050000 0.046875 0.083333
0 0.723828 0.043750 0.055469 0.087500
0 0.790234 0.122222 0.071094 0.119444
0 0.913672 0.026389 0.041406 0.047222
0 0.918359 0.165278 0.082031 0.133333
0 0.979297 0.174306 0.038281 0.131944
0 0.896094 0.252083 0.104687 0.168056
0 0.776172 0.350000 0.122656 0.211111
0 0.707422 0.418750 0.142969 0.245833
0 0.641016 0.347917 0.133594 0.218056
0 0.550391 0.374306 0.130469 0.223611
0 0.345313 0.431944 0.153125 0.255556
0 0.218359 0.401389 0.147656 0.241667
0 0.285937 0.200694 0.100000 0.159722
0 0.109375 0.184028 0.096875 0.154167
0 0.743359 0.885417 0.310156 0.229167
