0 0.075391 0.200694 0.103906 0.145833
0 0.260547 0.222222 0.105469 0.163889
0 0.205859 0.456944 0.152344 0.258333
0 0.335156 0.484722 0.160938 0.266667
0 0.539062 0.422917 0.135937 0.245833
0 0.632031 0.370139 0.125000 0.215278
0 0.697656 0.443750 0.143750 0.251389
0 0.762891 0.376389 0.127344 0.225000
0 0.874609 0.247222 0.103906 0.163889
0 0.894922 0.146528 0.085156 0.134722
0 0.966016 0.156944 0.064844 0.136111
0 0.581641 0.144444 0.086719 0.161111
0 0.758984 0.111806 0.072656 0.129167
0 0.616016 0.045833 0.053906 0.083333
0 0.648047 0.037500 0.050781 0.063889
0 0.688281 0.032639 0.060938 0.059722
0 0.487109 0.193750 0.089844 0.151389
0 0.480078 0.140972 0.071094 0.140278
0 0.333203 0.073611 0.075781 0.116667
0 0.390234 0.051389 0.060156 0.086111
0 0.150391 0.037500 0.061719 0.075000
0 0.225391 0.017361 0.044531 0.034722
0 0.272266 0.025000 0.057031 0.033333
0 0.752344 0.931250 0.259375 0.137500
