0 0.737891 0.383333 0.127344 0.202778
0 0.678906 0.479167 0.156250 0.252778
0 0.516016 0.451389 0.138281 0.244444
0 0.603906 0.398611 0.134375 0.219444
0 0.454297 0.202778 0.086719 0.155556
0 0.449219 0.127778 0.076563 0.136111
0 0.551172 0.140972 0.083594 0.151389
0 0.581250 0.028472 0.054688 0.051389
0 0.620703 0.022222 0.036719 0.038889
0 0.656641 0.020833 0.049219 0.033333
0 0.728125 0.086111 0.073437 0.122222
0 0.844922 0.233333 0.099219 0.163889
0 0.862109 0.129167 0.080469 0.147222
0 0.939844 0.127083 0.071875 0.129167
0 0.044531 0.231944 0.089062 0.183333
0 0.223828 0.242361 0.103906 0.173611
0 0.166797 0.515278 0.158594 0.288889
0 0.307031 0.540972 0.153125 0.284722
0 0.290234 0.065972 0.066406 0.112500
0 0.355859 0.050694 0.061719 0.095833
0 0.103516 0.032639 0.066406 0.059722
