0 0.051562 0.219444 0.103125 0.163889
0 0.185547 0.486111 0.153906 0.275000
0 0.318359 0.519444 0.153906 0.291667
0 0.523438 0.434722 0.143750 0.230556
0 0.618359 0.390278 0.119531 0.227778
0 0.685547 0.467361 0.139844 0.240278
0 0.746484 0.381250 0.132031 0.234722
0 0.855078 0.247222 0.096094 0.175000
0 0.873828 0.134722 0.088281 0.136111
0 0.951953 0.131250 0.078906 0.137500
0 0.741016 0.091667 0.077344 0.119444
0 0.564453 0.140278 0.088281 0.158333
0 0.460938 0.128472 0.079687 0.129167
0 0.465625 0.202083 0.092188 0.159722
0 0.243750 0.237500 0.101562 0.166667
0 0.305859 0.066667 0.066406 0.116667
0 0.371094 0.049306 0.057813 0.098611
0 0.123828 0.034722 0.057031 0.063889
0 0.595703 0.028472 0.052344 0.056944
0 0.632031 0.028472 0.035937 0.051389
0 0.675391 0.029861 0.053906 0.059722
