0 0.066406 0.208333 0.104687 0.158333
0 0.256250 0.219444 0.098438 0.177778
0 0.197266 0.460417 0.150781 0.273611
0 0.328906 0.495833 0.157813 0.283333
0 0.535547 0.427083 0.138281 0.251389
0 0.481641 0.199306 0.086719 0.145833
0 0.476562 0.136111 0.076563 0.147222
0 0.321094 0.068056 0.062500 0.116667
0 0.141016 0.031944 0.063281 0.063889
0 0.219922 0.015972 0.050781 0.031944
0 0.258984 0.020833 0.050781 0.041667
0 0.381641 0.050000 0.060156 0.094444
0 0.471484 0.013889 0.042969 0.027778
0 0.574219 0.141667 0.076563 0.136111
0 0.626562 0.378472 0.115625 0.218056
0 0.692578 0.458333 0.141406 0.250000
0 0.759766 0.382639 0.128906 0.226389
0 0.863281 0.243056 0.101562 0.172222
0 0.887891 0.142361 0.078906 0.129167
0 0.962891 0.144444 0.071094 0.133333
0 0.751953 0.101389 0.071094 0.122222
0 0.607813 0.034722 0.057813 0.069444
0 0.641797 0.037500 0.042969 0.066667
0 0.687109 0.033333 0.050781 0.058333
