0 0.133203 0.036111 0.057031 0.072222
0 0.058594 0.219444 0.103125 0.161111
0 0.246875 0.233333 0.095312 0.183333
0 0.190625 0.477778 0.154687 0.261111
0 0.323438 0.504861 0.153125 0.265278
0 0.527344 0.430556 0.137500 0.247222
0 0.613672 0.388194 0.128906 0.220833
0 0.687500 0.455556 0.150000 0.255556
0 0.752344 0.383333 0.126563 0.219444
0 0.865625 0.242361 0.107813 0.168056
0 0.882422 0.140278 0.077344 0.130556
0 0.958984 0.140278 0.072656 0.130556
0 0.746875 0.097917 0.068750 0.129167
0 0.571094 0.142361 0.081250 0.156944
0 0.473047 0.196528 0.088281 0.148611
0 0.467578 0.134722 0.075781 0.125000
0 0.314453 0.067361 0.064844 0.118056
0 0.378125 0.045139 0.056250 0.090278
0 0.600000 0.031250 0.051562 0.062500
0 0.637891 0.030556 0.039844 0.047222
0 0.677734 0.030556 0.041406 0.052778
