0 0.077344 0.033333 0.067188 0.066667
0 0.026953 0.252778 0.052344 0.191667
0 0.200000 0.247222 0.109375 0.172222
0 0.149219 0.557639 0.165625 0.276389
0 0.287500 0.578472 0.162500 0.284722
0 0.498437 0.472917 0.143750 0.251389
0 0.590234 0.406250 0.130469 0.223611
0 0.660156 0.493056 0.146875 0.269444
0 0.724219 0.392361 0.134375 0.220833
0 0.828516 0.229167 0.097656 0.175000
0 0.844531 0.109028 0.081250 0.134722
0 0.922656 0.106944 0.073437 0.136111
0 0.708203 0.064583 0.067969 0.118056
0 0.531641 0.140278 0.077344 0.158333
0 0.435547 0.197222 0.091406 0.158333
0 0.425781 0.124306 0.078125 0.137500
0 0.266797 0.063194 0.067969 0.112500
0 0.334375 0.043056 0.062500 0.075000
