0 0.155078 0.546528 0.164844 0.281944
0 0.292188 0.566667 0.165625 0.297222
0 0.504297 0.470139 0.136719 0.256944
0 0.591797 0.409722 0.138281 0.236111
0 0.665234 0.495139 0.153906 0.265278
0 0.725391 0.396528 0.124219 0.229167
0 0.833203 0.230556 0.105469 0.166667
0 0.535937 0.147917 0.084375 0.137500
0 0.440625 0.200694 0.095312 0.154167
0 0.432813 0.128472 0.071875 0.137500
0 0.275000 0.069444 0.068750 0.127778
0 0.208203 0.247222 0.102344 0.188889
0 0.032812 0.238194 0.065625 0.184722
0 0.713672 0.073611 0.072656 0.122222
0 0.850000 0.115972 0.081250 0.131944
0 0.926953 0.113194 0.078906 0.140278
