0 0.133594 0.580556 0.167187 0.288889
0 0.275000 0.596528 0.167187 0.290278
0 0.486719 0.475694 0.139062 0.251389
0 0.576172 0.413194 0.128906 0.226389
0 0.649219 0.494444 0.146875 0.255556
0 0.715234 0.395139 0.122656 0.223611
0 0.816797 0.213194 0.099219 0.168056
0 0.833594 0.089583 0.076563 0.129167
0 0.910547 0.088889 0.075781 0.133333
0 0.692578 0.057639 0.072656 0.115278
0 0.518750 0.138889 0.085938 0.161111
0 0.423047 0.198611 0.091406 0.166667
0 0.412891 0.115278 0.075781 0.138889
0 0.251172 0.056944 0.066406 0.113889
0 0.184375 0.257639 0.107813 0.173611
0 0.023438 0.263889 0.046875 0.169444
0 0.055859 0.028472 0.061719 0.051389
