0 0.026563 0.252083 0.048437 0.173611
0 0.201172 0.254167 0.103906 0.180556
0 0.283203 0.580556 0.166406 0.291667
0 0.150000 0.556250 0.168750 0.293056
0 0.498437 0.467361 0.142188 0.265278
0 0.590234 0.408333 0.122656 0.222222
0 0.661328 0.491667 0.146094 0.258333
0 0.721484 0.395139 0.133594 0.220833
0 0.828125 0.228472 0.103125 0.170833
0 0.846484 0.110417 0.082031 0.140278
0 0.925391 0.100694 0.075781 0.140278
0 0.709766 0.064583 0.067969 0.112500
0 0.533203 0.143056 0.083594 0.161111
0 0.435156 0.202778 0.089062 0.158333
0 0.426172 0.119444 0.077344 0.130556
0 0.265625 0.063194 0.071875 0.115278
0 0.331641 0.047222 0.063281 0.091667
0 0.075391 0.034028 0.064844 0.068056
