0 0.115234 0.599306 0.174219 0.279167
0 0.260156 0.622222 0.165625 0.297222
0 0.167969 0.263889 0.107813 0.177778
0 0.408594 0.198611 0.095312 0.166667
0 0.475000 0.486111 0.139062 0.258333
0 0.566406 0.418750 0.137500 0.231944
0 0.641016 0.500694 0.150781 0.265278
0 0.701953 0.393750 0.128906 0.229167
0 0.505859 0.129861 0.083594 0.156944
0 0.397656 0.108333 0.081250 0.127778
0 0.233984 0.054167 0.071094 0.102778
0 0.303125 0.036806 0.064062 0.070833
0 0.042188 0.027778 0.068750 0.052778
0 0.686328 0.052778 0.071094 0.102778
0 0.807813 0.211111 0.098438 0.172222
0 0.820703 0.072222 0.078906 0.138889
0 0.896094 0.075000 0.079687 0.141667
