0 0.039453 0.022917 0.061719 0.043056
0 0.167578 0.262500 0.107031 0.175000
0 0.116406 0.599306 0.171875 0.293056
0 0.260547 0.617361 0.166406 0.298611
0 0.473437 0.490972 0.143750 0.262500
0 0.567969 0.418750 0.125000 0.231944
0 0.643359 0.504167 0.146094 0.266667
0 0.703125 0.395139 0.128125 0.223611
0 0.407422 0.197222 0.092969 0.172222
0 0.400000 0.109722 0.076563 0.130556
0 0.234766 0.055556 0.064844 0.111111
0 0.301953 0.036806 0.061719 0.070833
0 0.504687 0.133333 0.081250 0.147222
0 0.685156 0.053472 0.071875 0.104167
0 0.805859 0.209028 0.099219 0.168056
0 0.819922 0.079167 0.078906 0.130556
0 0.900000 0.070139 0.076563 0.134722
