0 0.212891 0.050000 0.069531 0.100000
0 0.378516 0.099306 0.078906 0.140278
0 0.391406 0.189583 0.095312 0.165278
0 0.489844 0.112500 0.084375 0.158333
0 0.671484 0.041667 0.075781 0.083333
0 0.793359 0.194444 0.100781 0.175000
0 0.805078 0.060417 0.077344 0.120833
0 0.883203 0.063889 0.078906 0.127778
0 0.690625 0.394444 0.126563 0.222222
0 0.628516 0.518750 0.157031 0.281944
0 0.547656 0.423611 0.142188 0.241667
0 0.458203 0.509028 0.147656 0.265278
0 0.239453 0.649306 0.178906 0.309722
0 0.089062 0.634028 0.173438 0.293056
0 0.144141 0.270139 0.114844 0.173611
