0 0.219922 0.052083 0.069531 0.104167
0 0.385938 0.106250 0.082813 0.140278
0 0.396875 0.186806 0.093750 0.173611
0 0.493359 0.122222 0.088281 0.158333
0 0.464844 0.504167 0.148438 0.266667
0 0.558203 0.422222 0.141406 0.250000
0 0.633203 0.511806 0.157031 0.259722
0 0.691797 0.393750 0.130469 0.229167
0 0.796875 0.198611 0.101562 0.169444
0 0.671875 0.044444 0.075000 0.088889
0 0.812500 0.063889 0.084375 0.127778
0 0.893750 0.066667 0.079687 0.133333
0 0.245703 0.636806 0.172656 0.293056
0 0.100391 0.633333 0.175781 0.308333
0 0.153516 0.268750 0.107031 0.184722
