0 0.221484 0.673611 0.175781 0.305556
0 0.080859 0.659722 0.160156 0.294444
0 0.124609 0.272222 0.111719 0.186111
0 0.444141 0.509028 0.147656 0.265278
0 0.536328 0.422917 0.139844 0.231944
0 0.612500 0.513889 0.150000 0.266667
0 0.676172 0.384028 0.128906 0.220833
0 0.373047 0.179861 0.096094 0.168056
0 0.361328 0.081944 0.080469 0.133333
0 0.473047 0.102083 0.086719 0.156944
0 0.193359 0.043750 0.069531 0.087500
0 0.779297 0.175000 0.102344 0.183333
0 0.794531 0.045833 0.082813 0.091667
0 0.870703 0.045139 0.082031 0.084722
