0 0.086719 0.659028 0.168750 0.298611
0 0.225000 0.665972 0.179688 0.315278
0 0.444141 0.513889 0.150781 0.275000
0 0.541797 0.422222 0.142969 0.230556
0 0.614453 0.515972 0.147656 0.270833
0 0.676562 0.385417 0.128125 0.231944
0 0.126953 0.270833 0.108594 0.180556
0 0.373437 0.182639 0.096875 0.170833
0 0.360547 0.090278 0.085156 0.152778
0 0.191797 0.044444 0.072656 0.088889
0 0.471484 0.093750 0.086719 0.173611
0 0.779688 0.177083 0.106250 0.179167
0 0.795313 0.052778 0.078125 0.102778
0 0.873438 0.038889 0.076563 0.077778
