0 0.904688 0.637500 0.134375 0.227778
0 0.249609 0.674306 0.105469 0.184722
0 0.264062 0.914583 0.196875 0.170833
0 0.105469 0.688194 0.106250 0.176389
0 0.028125 0.722917 0.056250 0.184722
0 0.016797 0.531944 0.033594 0.091667
0 0.044531 0.464583 0.039062 0.068056
0 0.271094 0.436111 0.043750 0.075000
0 0.437109 0.402083 0.041406 0.070833
0 0.404297 0.393056 0.038281 0.063889
0 0.417969 0.377083 0.039062 0.065278
0 0.535937 0.295833 0.020312 0.036111
0 0.481641 0.289583 0.019531 0.023611
0 0.058203 0.388194 0.019531 0.043056
