0 0.905469 0.630556 0.135937 0.216667
0 0.264453 0.924306 0.200781 0.151389
0 0.248828 0.671528 0.102344 0.179167
0 0.104297 0.683333 0.103906 0.183333
0 0.028516 0.718056 0.057031 0.180556
0 0.020312 0.532639 0.040625 0.093056
0 0.043359 0.465972 0.036719 0.070833
0 0.056641 0.389583 0.022656 0.034722
0 0.269922 0.433333 0.041406 0.072222
0 0.437891 0.404167 0.042969 0.075000
0 0.406250 0.393056 0.040625 0.063889
0 0.418359 0.375694 0.038281 0.062500
0 0.483984 0.293056 0.016406 0.025000
0 0.535547 0.292361 0.021094 0.031944
