0 0.545313 0.286111 0.020312 0.027778
0 0.492578 0.284722 0.016406 0.022222
0 0.450000 0.395833 0.042188 0.069444
0 0.432813 0.368056 0.035937 0.052778
0 0.417969 0.384722 0.037500 0.063889
0 0.286328 0.429167 0.042969 0.072222
0 0.070312 0.386111 0.025000 0.038889
0 0.059766 0.450000 0.041406 0.058333
0 0.024609 0.525694 0.049219 0.095833
0 0.045313 0.707639 0.090625 0.184722
0 0.119531 0.671528 0.101562 0.184722
0 0.262500 0.664583 0.106250 0.181944
0 0.281641 0.916667 0.199219 0.166667
0 0.920313 0.637500 0.134375 0.230556
