0 0.925781 0.631250 0.135937 0.223611
0 0.294922 0.898611 0.208594 0.202778
0 0.273828 0.657639 0.103906 0.173611
0 0.129688 0.674306 0.098438 0.173611
0 0.034375 0.711806 0.067188 0.184722
0 0.456641 0.395833 0.039844 0.075000
0 0.436328 0.365278 0.035156 0.058333
0 0.422266 0.387500 0.042969 0.069444
0 0.549609 0.282639 0.021094 0.029167
0 0.498828 0.288194 0.022656 0.031944
0 0.290234 0.427083 0.041406 0.076389
0 0.076172 0.381250 0.021094 0.040278
0 0.065234 0.453472 0.039844 0.065278
0 0.027344 0.515972 0.054688 0.109722
0 0.016016 0.547917 0.032031 0.093056
