0 0.932813 0.633333 0.131250 0.230556
0 0.302344 0.909722 0.192188 0.180556
0 0.279687 0.655556 0.101562 0.183333
0 0.137891 0.667361 0.102344 0.179167
0 0.041797 0.704167 0.083594 0.194444
0 0.555078 0.280556 0.025781 0.038889
0 0.460938 0.393750 0.037500 0.062500
0 0.426172 0.384722 0.041406 0.072222
0 0.442187 0.365278 0.035937 0.058333
0 0.505469 0.277083 0.014062 0.018056
0 0.297656 0.421528 0.040625 0.079167
0 0.030469 0.516667 0.054688 0.091667
0 0.013281 0.545139 0.026563 0.093056
0 0.073828 0.449306 0.038281 0.056944
0 0.085547 0.377083 0.024219 0.023611
