0 0.138672 0.671528 0.099219 0.176389
0 0.039844 0.705556 0.079687 0.197222
0 0.281250 0.654167 0.103125 0.180556
0 0.300391 0.902778 0.196094 0.188889
0 0.932031 0.630556 0.132812 0.233333
0 0.294922 0.420139 0.041406 0.076389
0 0.073828 0.452083 0.038281 0.062500
0 0.032422 0.518750 0.053906 0.104167
0 0.018359 0.554861 0.036719 0.090278
0 0.460938 0.393056 0.039062 0.072222
0 0.427344 0.382639 0.042188 0.059722
0 0.442969 0.364583 0.039062 0.076389
0 0.504297 0.275694 0.016406 0.020833
0 0.556641 0.284028 0.022656 0.031944
0 0.084766 0.381944 0.022656 0.041667
