0 0.936328 0.625000 0.124219 0.219444
0 0.308984 0.902083 0.194531 0.195833
0 0.287500 0.652083 0.101562 0.176389
0 0.302734 0.420139 0.042969 0.068056
0 0.469141 0.389583 0.041406 0.062500
0 0.433594 0.379167 0.039062 0.066667
0 0.445312 0.365972 0.042188 0.065278
0 0.507422 0.281944 0.022656 0.027778
0 0.564062 0.282639 0.026563 0.037500
0 0.146484 0.658333 0.102344 0.169444
0 0.044141 0.693750 0.088281 0.179167
0 0.017969 0.545139 0.035937 0.115278
0 0.040234 0.519444 0.057031 0.100000
0 0.079297 0.445833 0.042969 0.072222
0 0.091797 0.378472 0.022656 0.031944
