0 0.936328 0.625694 0.124219 0.229167
0 0.309766 0.902083 0.196094 0.195833
0 0.288672 0.648611 0.103906 0.172222
0 0.144531 0.663194 0.098438 0.168056
0 0.044141 0.699306 0.088281 0.184722
0 0.023828 0.538889 0.047656 0.102778
0 0.039062 0.510417 0.057813 0.090278
0 0.079687 0.443056 0.045313 0.061111
0 0.089844 0.370833 0.020312 0.027778
0 0.302734 0.417361 0.042969 0.073611
0 0.467187 0.388194 0.045313 0.068056
0 0.433984 0.374306 0.039844 0.056944
0 0.447656 0.365278 0.039062 0.058333
0 0.509766 0.280556 0.017969 0.030556
0 0.563672 0.281250 0.027344 0.040278
