0 0.937109 0.617361 0.122656 0.220833
0 0.316406 0.898611 0.192188 0.202778
0 0.297266 0.645139 0.099219 0.173611
0 0.152344 0.661806 0.098438 0.181944
0 0.048047 0.694444 0.096094 0.197222
0 0.022656 0.537500 0.045313 0.108333
0 0.049219 0.503472 0.056250 0.093056
0 0.089062 0.444444 0.037500 0.069444
0 0.097266 0.372917 0.021094 0.031944
0 0.310156 0.417361 0.045313 0.070833
0 0.475000 0.388889 0.042188 0.072222
0 0.454688 0.358333 0.034375 0.055556
0 0.439453 0.375694 0.036719 0.062500
0 0.568750 0.275000 0.018750 0.027778
0 0.516016 0.277083 0.017969 0.023611
