0 0.938672 0.619444 0.119531 0.225000
0 0.568750 0.278472 0.018750 0.029167
0 0.515234 0.278472 0.014844 0.029167
0 0.472656 0.385417 0.042188 0.073611
0 0.454297 0.357639 0.033594 0.056944
0 0.438281 0.373611 0.039062 0.066667
0 0.309375 0.409722 0.046875 0.075000
0 0.100000 0.371528 0.026563 0.045833
0 0.086328 0.440278 0.036719 0.069444
0 0.048047 0.505556 0.063281 0.097222
0 0.028516 0.540972 0.057031 0.101389
0 0.050000 0.690972 0.100000 0.176389
0 0.151172 0.656944 0.102344 0.172222
0 0.297656 0.643750 0.106250 0.176389
0 0.316797 0.897222 0.194531 0.191667
