0 0.941016 0.620833 0.114844 0.230556
0 0.325391 0.894444 0.188281 0.211111
0 0.301172 0.636806 0.099219 0.179167
0 0.160156 0.654861 0.096875 0.168056
0 0.053125 0.685417 0.106250 0.173611
0 0.031641 0.537500 0.063281 0.108333
0 0.052344 0.506250 0.054688 0.090278
0 0.094922 0.439583 0.038281 0.059722
0 0.103906 0.374306 0.020312 0.040278
0 0.315625 0.412500 0.045313 0.069444
0 0.481641 0.379861 0.047656 0.076389
0 0.448047 0.369444 0.047656 0.055556
0 0.462891 0.361111 0.033594 0.063889
0 0.521094 0.275000 0.018750 0.022222
0 0.571094 0.277778 0.026563 0.036111
