0 0.591406 0.269444 0.021875 0.025000
0 0.539844 0.264583 0.015625 0.018056
0 0.498828 0.375000 0.041406 0.075000
0 0.479688 0.347222 0.034375 0.061111
0 0.464063 0.365972 0.031250 0.070833
0 0.332422 0.402083 0.042969 0.065278
0 0.126172 0.359028 0.021094 0.037500
0 0.116016 0.426389 0.035156 0.063889
0 0.078125 0.486806 0.054688 0.095833
0 0.037891 0.523611 0.064844 0.108333
0 0.075391 0.663194 0.105469 0.176389
0 0.185547 0.631944 0.092969 0.169444
0 0.325781 0.622917 0.101562 0.176389
0 0.355078 0.883333 0.185156 0.233333
0 0.954297 0.609722 0.088281 0.244444
