0 0.959766 0.600694 0.077344 0.229167
0 0.598047 0.266667 0.019531 0.027778
0 0.543750 0.263194 0.014062 0.020833
0 0.502344 0.370833 0.039062 0.069444
0 0.483984 0.344444 0.035156 0.063889
0 0.466797 0.363889 0.036719 0.069444
0 0.340625 0.401389 0.040625 0.072222
0 0.332812 0.613889 0.095312 0.169444
0 0.363672 0.878472 0.186719 0.243056
0 0.195703 0.625000 0.094531 0.172222
0 0.086328 0.656944 0.103906 0.175000
0 0.047266 0.517361 0.064844 0.104167
0 0.085938 0.486111 0.056250 0.086111
0 0.122656 0.421528 0.040625 0.062500
0 0.133203 0.356250 0.019531 0.031944
