0 0.962500 0.590278 0.071875 0.233333
0 0.371875 0.872222 0.185937 0.255556
0 0.341797 0.611111 0.099219 0.175000
0 0.201562 0.613889 0.090625 0.161111
0 0.093750 0.649306 0.104687 0.170833
0 0.055859 0.509028 0.066406 0.101389
0 0.092969 0.477778 0.050000 0.080556
0 0.130078 0.415972 0.041406 0.062500
0 0.138281 0.352778 0.020312 0.025000
0 0.347266 0.392361 0.044531 0.068056
0 0.509375 0.371528 0.039062 0.081944
0 0.475781 0.355556 0.035937 0.058333
0 0.490625 0.338194 0.032812 0.056944
0 0.550781 0.259028 0.017188 0.026389
0 0.605078 0.263194 0.017969 0.029167
