0 0.383984 0.863194 0.183594 0.273611
0 0.350391 0.600000 0.097656 0.172222
0 0.214062 0.608333 0.096875 0.163889
0 0.100781 0.640972 0.096875 0.179167
0 0.022266 0.618750 0.044531 0.143056
0 0.019141 0.511111 0.038281 0.088889
0 0.066016 0.500000 0.063281 0.094444
0 0.103125 0.473611 0.050000 0.088889
0 0.137891 0.407639 0.033594 0.054167
0 0.147656 0.349306 0.021875 0.026389
0 0.354297 0.392361 0.038281 0.068056
0 0.517969 0.358333 0.039062 0.063889
0 0.482812 0.351389 0.040625 0.061111
0 0.494531 0.333333 0.040625 0.055556
0 0.556641 0.259028 0.017969 0.026389
0 0.610156 0.259028 0.020312 0.029167
0 0.966016 0.585417 0.064844 0.237500
