0 0.622266 0.252083 0.022656 0.031944
0 0.567578 0.251389 0.016406 0.027778
0 0.530469 0.352778 0.042188 0.072222
0 0.494141 0.340972 0.039844 0.070833
0 0.507422 0.329167 0.036719 0.063889
0 0.367578 0.383333 0.041406 0.075000
0 0.161328 0.340278 0.017969 0.036111
0 0.151953 0.402083 0.035156 0.065278
0 0.115625 0.463194 0.054688 0.093056
0 0.081641 0.492361 0.058594 0.106944
0 0.028125 0.493750 0.054688 0.095833
0 0.032422 0.601389 0.064844 0.158333
0 0.122656 0.623611 0.100000 0.177778
0 0.226172 0.590278 0.092969 0.169444
0 0.365234 0.583333 0.099219 0.177778
0 0.399609 0.854167 0.178906 0.291667
0 0.971484 0.564583 0.053906 0.220833
