0 0.973828 0.556250 0.049219 0.229167
0 0.537109 0.350694 0.036719 0.068056
0 0.500781 0.336111 0.040625 0.061111
0 0.516797 0.327083 0.036719 0.062500
0 0.575000 0.245833 0.014062 0.027778
0 0.630078 0.250694 0.022656 0.037500
0 0.373437 0.575694 0.096875 0.165278
0 0.375000 0.379167 0.042188 0.069444
0 0.409766 0.845833 0.180469 0.308333
0 0.237500 0.590972 0.092188 0.162500
0 0.134766 0.612500 0.099219 0.163889
0 0.038281 0.597222 0.076563 0.158333
0 0.088281 0.484028 0.065625 0.106944
0 0.032812 0.496528 0.065625 0.106944
0 0.125781 0.459722 0.056250 0.086111
0 0.158984 0.397917 0.041406 0.062500
0 0.166797 0.337500 0.021094 0.030556
