0 0.628125 0.247917 0.020312 0.031944
0 0.573047 0.246528 0.014844 0.020833
0 0.535937 0.350694 0.039062 0.068056
0 0.502344 0.338194 0.034375 0.056944
0 0.516016 0.326389 0.038281 0.061111
0 0.975000 0.565972 0.046875 0.226389
0 0.407422 0.847917 0.178906 0.304167
0 0.373828 0.577778 0.094531 0.169444
0 0.233984 0.589583 0.094531 0.165278
0 0.133203 0.613194 0.097656 0.173611
0 0.035937 0.600694 0.071875 0.156944
0 0.031641 0.520139 0.063281 0.106944
0 0.034766 0.495139 0.058594 0.095833
0 0.089844 0.486111 0.065625 0.105556
0 0.126953 0.457639 0.053906 0.087500
0 0.159766 0.395833 0.038281 0.061111
0 0.373047 0.374306 0.038281 0.065278
0 0.168750 0.338194 0.020312 0.040278
