0 0.984766 0.554167 0.027344 0.202778
0 0.641016 0.242361 0.022656 0.034722
0 0.585547 0.240278 0.021094 0.030556
0 0.550000 0.341667 0.040625 0.080556
0 0.512500 0.325694 0.035937 0.065278
0 0.526172 0.313194 0.032031 0.065278
0 0.387891 0.365972 0.041406 0.081944
0 0.182031 0.327778 0.021875 0.036111
0 0.176953 0.389583 0.041406 0.062500
0 0.142578 0.440278 0.052344 0.083333
0 0.109375 0.468056 0.062500 0.108333
0 0.052734 0.470833 0.053906 0.088889
0 0.037500 0.497222 0.070312 0.108333
0 0.046875 0.579167 0.092188 0.152778
0 0.155469 0.595139 0.106250 0.170833
0 0.250391 0.568750 0.097656 0.170833
0 0.388672 0.557639 0.096094 0.173611
0 0.429688 0.830556 0.170312 0.316667
0 0.242188 0.958333 0.201562 0.083333
