0 0.396484 0.554861 0.094531 0.162500
0 0.439453 0.812500 0.171094 0.322222
0 0.255859 0.956250 0.214844 0.087500
0 0.161328 0.590278 0.096094 0.169444
0 0.262891 0.561111 0.094531 0.163889
0 0.114063 0.463889 0.064062 0.100000
0 0.148828 0.438889 0.052344 0.088889
0 0.181641 0.382639 0.039844 0.059722
0 0.188672 0.322917 0.017969 0.034722
0 0.393750 0.362500 0.045313 0.072222
0 0.518750 0.329167 0.035937 0.063889
0 0.555859 0.333333 0.047656 0.066667
0 0.531250 0.316667 0.034375 0.063889
0 0.593750 0.234722 0.021875 0.027778
0 0.642969 0.238194 0.023438 0.034722
0 0.985156 0.544444 0.026563 0.205556
0 0.053125 0.568056 0.095312 0.150000
0 0.047266 0.490278 0.066406 0.111111
0 0.015234 0.509722 0.030469 0.105556
