0 0.660156 0.231944 0.020312 0.033333
0 0.604688 0.229861 0.014062 0.029167
0 0.569531 0.328472 0.042188 0.076389
0 0.532422 0.319444 0.044531 0.061111
0 0.544141 0.302778 0.036719 0.066667
0 0.410156 0.354167 0.045313 0.080556
0 0.201562 0.318056 0.020312 0.036111
0 0.196875 0.375000 0.039062 0.061111
0 0.161719 0.427778 0.054688 0.083333
0 0.131641 0.454167 0.063281 0.102778
0 0.064844 0.474306 0.060938 0.095833
0 0.078516 0.461806 0.061719 0.095833
0 0.023047 0.493056 0.044531 0.116667
0 0.069531 0.559028 0.089062 0.151389
0 0.177344 0.571528 0.095312 0.168056
0 0.279297 0.549306 0.089844 0.165278
0 0.410156 0.542361 0.098438 0.170833
0 0.458594 0.793750 0.173438 0.318056
0 0.273438 0.936806 0.225000 0.126389
0 0.021094 0.745139 0.042188 0.190278
