0 0.025781 0.494444 0.051562 0.102778
0 0.071094 0.555556 0.085938 0.144444
0 0.069922 0.465972 0.069531 0.098611
0 0.131250 0.454861 0.060938 0.095833
0 0.161328 0.431250 0.053906 0.093056
0 0.196094 0.370139 0.039062 0.056944
0 0.200000 0.318750 0.018750 0.043056
0 0.177344 0.576389 0.098438 0.158333
0 0.279297 0.545139 0.086719 0.165278
0 0.411719 0.541667 0.096875 0.169444
0 0.407031 0.352778 0.042188 0.063889
0 0.532422 0.319444 0.035156 0.061111
0 0.569922 0.327083 0.042969 0.076389
0 0.544141 0.306944 0.036719 0.058333
0 0.601562 0.229861 0.015625 0.029167
0 0.660156 0.233333 0.025000 0.033333
0 0.460547 0.799306 0.169531 0.318056
0 0.275781 0.936806 0.218750 0.126389
0 0.022656 0.745833 0.045313 0.211111
