0 0.666797 0.227083 0.021094 0.034722
0 0.609375 0.228472 0.017188 0.031944
0 0.573828 0.324306 0.038281 0.068056
0 0.542188 0.316667 0.039062 0.072222
0 0.555078 0.302778 0.036719 0.061111
0 0.412109 0.349306 0.041406 0.079167
0 0.418359 0.536111 0.092969 0.166667
0 0.464453 0.793750 0.171094 0.318056
0 0.286719 0.542361 0.089062 0.159722
0 0.187109 0.567361 0.097656 0.168056
0 0.081250 0.554861 0.089062 0.143056
0 0.032031 0.490278 0.064062 0.105556
0 0.075781 0.474306 0.059375 0.104167
0 0.085938 0.456250 0.056250 0.093056
0 0.140234 0.450000 0.069531 0.097222
0 0.171484 0.421528 0.052344 0.081944
0 0.202734 0.368750 0.041406 0.065278
0 0.207422 0.314583 0.024219 0.037500
0 0.022656 0.736111 0.045313 0.225000
0 0.285547 0.934028 0.230469 0.131944
