0 0.296875 0.929861 0.240625 0.140278
0 0.475391 0.784722 0.167969 0.305556
0 0.422656 0.529167 0.093750 0.163889
0 0.294922 0.532639 0.089844 0.156944
0 0.194922 0.556250 0.094531 0.156944
0 0.088672 0.547917 0.086719 0.148611
0 0.033203 0.737500 0.066406 0.230556
0 0.030859 0.488889 0.061719 0.108333
0 0.082031 0.468056 0.064062 0.094444
0 0.090625 0.454167 0.060938 0.102778
0 0.144922 0.447222 0.058594 0.100000
0 0.177734 0.420833 0.053906 0.088889
0 0.210547 0.363889 0.038281 0.066667
0 0.211328 0.311806 0.022656 0.037500
0 0.417969 0.348611 0.043750 0.072222
0 0.580078 0.322222 0.041406 0.072222
0 0.545313 0.316667 0.045313 0.072222
0 0.558594 0.300694 0.042188 0.065278
0 0.671484 0.226389 0.021094 0.027778
0 0.617578 0.227083 0.019531 0.029167
