0 0.673437 0.227778 0.020312 0.036111
0 0.617578 0.225000 0.019531 0.025000
0 0.557813 0.297222 0.035937 0.058333
0 0.546094 0.315278 0.040625 0.066667
0 0.583594 0.319444 0.048437 0.075000
0 0.419141 0.347917 0.039844 0.068056
0 0.213281 0.307639 0.018750 0.037500
0 0.210938 0.367361 0.035937 0.068056
0 0.177344 0.421528 0.053125 0.087500
0 0.147656 0.441667 0.057813 0.097222
0 0.094141 0.453472 0.050781 0.095833
0 0.079297 0.468056 0.063281 0.100000
0 0.032812 0.486806 0.065625 0.104167
0 0.085938 0.540972 0.092188 0.148611
0 0.194531 0.557639 0.096875 0.165278
0 0.292578 0.540278 0.089844 0.158333
0 0.425000 0.530556 0.092188 0.166667
0 0.472266 0.789583 0.169531 0.309722
0 0.297266 0.929861 0.235156 0.140278
0 0.033203 0.733333 0.066406 0.219444
