0 0.683203 0.220139 0.024219 0.031944
0 0.627344 0.216667 0.017188 0.025000
0 0.593359 0.313194 0.039844 0.073611
0 0.570703 0.295139 0.036719 0.068056
0 0.557031 0.310417 0.035937 0.068056
0 0.431641 0.336111 0.042969 0.072222
0 0.226172 0.301389 0.019531 0.038889
0 0.222656 0.354167 0.040625 0.055556
0 0.193750 0.406250 0.051562 0.081944
0 0.160156 0.430556 0.057813 0.097222
0 0.106641 0.440278 0.063281 0.086111
0 0.091797 0.456250 0.058594 0.106944
0 0.048047 0.475694 0.067969 0.101389
0 0.107422 0.531944 0.089844 0.141667
0 0.038281 0.721528 0.076563 0.229167
0 0.207813 0.553472 0.092188 0.165278
0 0.307422 0.528472 0.088281 0.156944
0 0.439844 0.526389 0.095312 0.161111
0 0.492969 0.765972 0.168750 0.304167
0 0.315625 0.913889 0.235938 0.172222
