0 0.326172 0.910417 0.247656 0.179167
0 0.046484 0.718750 0.092969 0.229167
0 0.111719 0.527778 0.085938 0.141667
0 0.055859 0.470833 0.064844 0.105556
0 0.108203 0.443750 0.064844 0.101389
0 0.166406 0.425694 0.065625 0.098611
0 0.201562 0.406250 0.048437 0.087500
0 0.227344 0.356944 0.045313 0.063889
0 0.217969 0.543750 0.095312 0.165278
0 0.313281 0.518056 0.090625 0.161111
0 0.445703 0.513889 0.092969 0.161111
0 0.497266 0.763194 0.161719 0.298611
0 0.437891 0.334028 0.042969 0.065278
0 0.233203 0.297917 0.022656 0.040278
0 0.562500 0.309028 0.040625 0.062500
0 0.598828 0.309722 0.038281 0.072222
0 0.576563 0.285417 0.037500 0.056944
0 0.633594 0.215278 0.020312 0.036111
0 0.694141 0.215972 0.028906 0.040278
