0 0.696094 0.217361 0.020312 0.031944
0 0.637891 0.212500 0.016406 0.030556
0 0.604297 0.309028 0.042969 0.070833
0 0.582422 0.290972 0.032031 0.070833
0 0.564062 0.306944 0.037500 0.069444
0 0.443359 0.329861 0.042969 0.065278
0 0.237109 0.295139 0.024219 0.043056
0 0.233203 0.348611 0.038281 0.063889
0 0.210938 0.395833 0.054688 0.083333
0 0.173828 0.424306 0.060156 0.101389
0 0.123438 0.427778 0.054688 0.086111
0 0.110156 0.444444 0.065625 0.100000
0 0.062109 0.463889 0.067969 0.108333
0 0.119531 0.525694 0.087500 0.145833
0 0.224609 0.539583 0.091406 0.165278
0 0.321875 0.518750 0.085938 0.145833
0 0.448438 0.512500 0.090625 0.147222
0 0.501172 0.752778 0.167969 0.297222
0 0.329297 0.907639 0.244531 0.184722
0 0.048047 0.706250 0.094531 0.229167
