0 0.692578 0.216667 0.022656 0.030556
0 0.640625 0.211111 0.014062 0.027778
0 0.603125 0.304167 0.040625 0.063889
0 0.581641 0.288194 0.032031 0.056944
0 0.570312 0.295139 0.035937 0.068056
0 0.441797 0.333333 0.041406 0.072222
0 0.236328 0.293056 0.017969 0.038889
0 0.235938 0.349306 0.040625 0.054167
0 0.206250 0.395833 0.059375 0.086111
0 0.174609 0.422917 0.053906 0.093056
0 0.124609 0.429861 0.052344 0.098611
0 0.104687 0.445833 0.057813 0.088889
0 0.059375 0.466667 0.067188 0.119444
0 0.118359 0.520139 0.085156 0.140278
0 0.050781 0.702778 0.101562 0.225000
0 0.225781 0.538889 0.092188 0.161111
0 0.322266 0.518056 0.085156 0.152778
0 0.452734 0.512500 0.094531 0.155556
0 0.505469 0.755556 0.157813 0.297222
0 0.329297 0.905556 0.239844 0.188889
