0 0.508203 0.750000 0.169531 0.316667
0 0.338281 0.905556 0.248437 0.188889
0 0.050781 0.695833 0.101562 0.233333
0 0.128906 0.511111 0.084375 0.136111
0 0.236328 0.531250 0.089844 0.168056
0 0.326172 0.514583 0.089844 0.154167
0 0.457422 0.506250 0.094531 0.162500
0 0.448828 0.328472 0.036719 0.065278
0 0.611328 0.300694 0.041406 0.065278
0 0.573438 0.299306 0.045313 0.062500
0 0.586719 0.279167 0.037500 0.058333
0 0.645703 0.208333 0.017969 0.022222
0 0.700781 0.214583 0.029687 0.034722
0 0.245312 0.290972 0.021875 0.034722
0 0.242188 0.347222 0.040625 0.058333
0 0.216016 0.393750 0.053906 0.090278
0 0.180859 0.420139 0.057031 0.101389
0 0.117969 0.438194 0.054688 0.087500
0 0.127344 0.424306 0.054688 0.101389
0 0.065234 0.453472 0.061719 0.112500
