0 0.053906 0.691667 0.107813 0.225000
0 0.349609 0.897917 0.244531 0.204167
0 0.519141 0.739583 0.171094 0.295833
0 0.466016 0.500694 0.092969 0.165278
0 0.335938 0.511111 0.090625 0.152778
0 0.239844 0.530556 0.092188 0.175000
0 0.138281 0.510417 0.085938 0.137500
0 0.075781 0.452083 0.059375 0.101389
0 0.125000 0.443056 0.064062 0.100000
0 0.133594 0.422222 0.056250 0.097222
0 0.187500 0.422917 0.060938 0.101389
0 0.223047 0.391667 0.047656 0.083333
0 0.248047 0.343056 0.033594 0.058333
0 0.250391 0.288194 0.021094 0.031944
0 0.456641 0.327778 0.038281 0.069444
0 0.618359 0.299306 0.041406 0.068056
0 0.579297 0.293056 0.042969 0.066667
0 0.594531 0.280556 0.039062 0.063889
0 0.707422 0.209028 0.024219 0.031944
0 0.651563 0.206250 0.015625 0.029167
