0 0.524609 0.734028 0.164844 0.301389
0 0.357812 0.887500 0.235938 0.225000
0 0.057813 0.679861 0.115625 0.226389
0 0.141406 0.509028 0.085938 0.148611
0 0.246875 0.523611 0.090625 0.161111
0 0.341406 0.501389 0.087500 0.152778
0 0.472266 0.495833 0.092969 0.158333
0 0.461328 0.321528 0.038281 0.065278
0 0.585547 0.288194 0.038281 0.056944
0 0.623828 0.298611 0.038281 0.069444
0 0.600781 0.273611 0.035937 0.063889
0 0.655859 0.206250 0.016406 0.026389
0 0.716016 0.206250 0.022656 0.029167
0 0.256250 0.279167 0.018750 0.027778
0 0.254297 0.341667 0.035156 0.063889
0 0.227344 0.388194 0.045313 0.084722
0 0.194141 0.409028 0.060156 0.095833
0 0.141797 0.421528 0.052344 0.098611
0 0.130078 0.435417 0.060156 0.101389
0 0.082031 0.452778 0.057813 0.108333
