0 0.256641 0.283333 0.017969 0.036111
0 0.253906 0.337500 0.035937 0.058333
0 0.228125 0.387500 0.051562 0.086111
0 0.196094 0.411111 0.060938 0.100000
0 0.141406 0.420833 0.059375 0.097222
0 0.130859 0.440278 0.064844 0.108333
0 0.084375 0.449306 0.064062 0.112500
0 0.142188 0.504861 0.087500 0.148611
0 0.058594 0.682639 0.117188 0.226389
0 0.244922 0.524306 0.086719 0.156944
0 0.342578 0.504167 0.086719 0.155556
0 0.470313 0.500000 0.093750 0.163889
0 0.525391 0.736111 0.163281 0.305556
0 0.358594 0.889583 0.235938 0.220833
0 0.459766 0.322222 0.036719 0.063889
0 0.584375 0.289583 0.032812 0.065278
0 0.621484 0.298611 0.042969 0.077778
0 0.600391 0.279167 0.039844 0.069444
0 0.657422 0.205556 0.013281 0.027778
0 0.715625 0.203472 0.018750 0.023611
