0 0.721094 0.204167 0.025000 0.033333
0 0.662891 0.200694 0.016406 0.023611
0 0.604688 0.272222 0.032812 0.055556
0 0.592578 0.287500 0.038281 0.075000
0 0.632031 0.296528 0.040625 0.081944
0 0.467578 0.318750 0.038281 0.068056
0 0.475781 0.489583 0.095312 0.176389
0 0.532031 0.731250 0.167187 0.315278
0 0.363672 0.888194 0.247656 0.223611
0 0.063672 0.676389 0.127344 0.225000
0 0.262500 0.279167 0.020312 0.036111
0 0.259375 0.331944 0.039062 0.061111
0 0.233203 0.385417 0.052344 0.090278
0 0.200781 0.404167 0.059375 0.100000
0 0.152344 0.415278 0.053125 0.108333
0 0.135547 0.433333 0.061719 0.105556
0 0.089453 0.446528 0.058594 0.112500
0 0.151172 0.499306 0.083594 0.140278
0 0.251953 0.518750 0.096094 0.159722
0 0.348437 0.495139 0.085938 0.156944
