0 0.380859 0.877778 0.235156 0.244444
0 0.544531 0.717361 0.165625 0.295833
0 0.489453 0.482639 0.096094 0.159722
0 0.359375 0.486111 0.087500 0.152778
0 0.268750 0.509722 0.092188 0.161111
0 0.165234 0.484028 0.083594 0.131944
0 0.072266 0.654861 0.133594 0.223611
0 0.018359 0.427778 0.036719 0.094444
0 0.105469 0.431944 0.056250 0.100000
0 0.148828 0.422917 0.060156 0.101389
0 0.163672 0.404167 0.055469 0.100000
0 0.217969 0.393750 0.053125 0.095833
0 0.247266 0.372222 0.039844 0.083333
0 0.272266 0.327778 0.036719 0.061111
0 0.274219 0.268056 0.021875 0.036111
0 0.476953 0.310417 0.039844 0.068056
0 0.641016 0.285417 0.044531 0.070833
0 0.602344 0.284722 0.035937 0.063889
0 0.614453 0.270139 0.042969 0.068056
0 0.678125 0.191667 0.020312 0.036111
0 0.732422 0.197222 0.024219 0.036111
