0 0.391016 0.870139 0.236719 0.259722
0 0.495313 0.478472 0.087500 0.159722
0 0.550391 0.709028 0.167969 0.301389
0 0.367578 0.482639 0.085156 0.159722
0 0.274609 0.500000 0.089844 0.155556
0 0.172656 0.484028 0.081250 0.148611
0 0.080078 0.650694 0.132031 0.218056
0 0.738281 0.193056 0.021875 0.033333
0 0.680469 0.192361 0.015625 0.031944
0 0.646875 0.285417 0.039062 0.070833
0 0.623047 0.263194 0.035156 0.059722
0 0.609375 0.280556 0.032812 0.072222
0 0.482422 0.305556 0.041406 0.072222
0 0.278516 0.265278 0.021094 0.030556
0 0.278125 0.317361 0.042188 0.065278
0 0.251563 0.370833 0.050000 0.091667
0 0.217578 0.394444 0.058594 0.105556
0 0.169922 0.401389 0.058594 0.113889
0 0.155078 0.420139 0.063281 0.106944
0 0.110547 0.431250 0.061719 0.101389
0 0.018750 0.413194 0.037500 0.095833
