0 0.750781 0.190278 0.020312 0.036111
0 0.694141 0.185417 0.016406 0.023611
0 0.632031 0.254861 0.037500 0.062500
0 0.617188 0.268750 0.037500 0.062500
0 0.659766 0.272917 0.042969 0.073611
0 0.496094 0.301389 0.040625 0.072222
0 0.291406 0.259722 0.020312 0.036111
0 0.289062 0.313194 0.034375 0.056944
0 0.263281 0.358333 0.050000 0.088889
0 0.233594 0.380556 0.054688 0.100000
0 0.188672 0.384722 0.049219 0.097222
0 0.168750 0.410417 0.059375 0.104167
0 0.126563 0.420139 0.060938 0.106944
0 0.023828 0.405556 0.047656 0.094444
0 0.095703 0.634028 0.130469 0.209722
0 0.187500 0.468750 0.082813 0.140278
0 0.287500 0.491667 0.095312 0.158333
0 0.382422 0.470833 0.088281 0.152778
0 0.507031 0.470833 0.095312 0.161111
0 0.564453 0.693750 0.163281 0.293056
0 0.403516 0.868056 0.230469 0.258333
