0 0.417188 0.861806 0.231250 0.276389
0 0.571094 0.685417 0.159375 0.287500
0 0.101172 0.636111 0.138281 0.227778
0 0.513672 0.461111 0.088281 0.152778
0 0.386328 0.465972 0.088281 0.151389
0 0.298047 0.481944 0.088281 0.144444
0 0.194531 0.468056 0.075000 0.138889
0 0.756250 0.185417 0.018750 0.031944
0 0.698828 0.183333 0.021094 0.027778
0 0.666016 0.275694 0.041406 0.068056
0 0.641797 0.245833 0.038281 0.061111
0 0.625781 0.266667 0.040625 0.077778
0 0.500000 0.298611 0.039062 0.077778
0 0.298047 0.256944 0.019531 0.038889
0 0.296094 0.304861 0.037500 0.056944
0 0.269922 0.354167 0.044531 0.080556
0 0.241797 0.373611 0.057031 0.094444
0 0.192188 0.390972 0.060938 0.101389
0 0.176172 0.403472 0.055469 0.093056
0 0.132031 0.410417 0.057813 0.112500
0 0.028906 0.400694 0.053125 0.084722
