0 0.414844 0.853472 0.231250 0.293056
0 0.573438 0.684722 0.167187 0.286111
0 0.105859 0.626389 0.128906 0.208333
0 0.515234 0.466667 0.092969 0.161111
0 0.387891 0.468056 0.085156 0.147222
0 0.298047 0.484722 0.086719 0.158333
0 0.191797 0.468750 0.083594 0.140278
0 0.756641 0.187500 0.022656 0.036111
0 0.698438 0.186111 0.020312 0.036111
0 0.665625 0.272917 0.040625 0.070833
0 0.637109 0.258333 0.042969 0.075000
0 0.619922 0.267361 0.038281 0.068056
0 0.504687 0.293056 0.045313 0.072222
0 0.300000 0.255556 0.020312 0.036111
0 0.296484 0.310417 0.038281 0.059722
0 0.271484 0.359722 0.052344 0.083333
0 0.242578 0.373611 0.061719 0.088889
0 0.192578 0.381250 0.053906 0.095833
0 0.178906 0.398611 0.060938 0.088889
0 0.136719 0.409722 0.062500 0.105556
0 0.027734 0.403472 0.055469 0.098611
