0 0.435156 0.845139 0.229687 0.309722
0 0.594141 0.667361 0.169531 0.287500
0 0.132812 0.602778 0.120312 0.211111
0 0.532422 0.451389 0.094531 0.158333
0 0.407031 0.456250 0.084375 0.156944
0 0.317578 0.469444 0.089844 0.152778
0 0.215625 0.452083 0.076563 0.134722
0 0.775000 0.180556 0.020312 0.033333
0 0.718750 0.178472 0.015625 0.029167
0 0.685156 0.266667 0.042188 0.066667
0 0.658594 0.240972 0.035937 0.065278
0 0.635938 0.261111 0.040625 0.072222
0 0.518750 0.285417 0.037500 0.070833
0 0.316406 0.248611 0.020312 0.033333
0 0.317187 0.293750 0.035937 0.056944
0 0.294922 0.339583 0.050781 0.084722
0 0.262891 0.365278 0.053906 0.102778
0 0.212109 0.362500 0.055469 0.088889
0 0.201172 0.390972 0.057031 0.101389
0 0.152734 0.397917 0.060156 0.104167
0 0.048828 0.386111 0.060156 0.097222
