0 0.438281 0.843750 0.237500 0.312500
0 0.591016 0.668056 0.163281 0.305556
0 0.129688 0.601389 0.135937 0.213889
0 0.533594 0.451389 0.087500 0.158333
0 0.407031 0.453472 0.087500 0.151389
0 0.317578 0.470139 0.091406 0.154167
0 0.217969 0.452083 0.081250 0.140278
0 0.776172 0.178472 0.022656 0.034722
0 0.720312 0.176389 0.018750 0.030556
0 0.685156 0.261111 0.039062 0.058333
0 0.645312 0.258333 0.040625 0.069444
0 0.660547 0.240278 0.042969 0.055556
0 0.519922 0.286111 0.042969 0.072222
0 0.314453 0.246528 0.021094 0.026389
0 0.317187 0.296528 0.034375 0.056944
0 0.290625 0.343056 0.050000 0.083333
0 0.262500 0.362500 0.060938 0.100000
0 0.206250 0.374306 0.071875 0.112500
0 0.157031 0.395139 0.067188 0.101389
0 0.049219 0.387500 0.053125 0.091667
