0 0.441016 0.841667 0.232031 0.316667
0 0.600391 0.659722 0.158594 0.288889
0 0.539844 0.445139 0.090625 0.168056
0 0.413672 0.445833 0.080469 0.147222
0 0.323047 0.461111 0.088281 0.152778
0 0.140625 0.597222 0.121875 0.222222
0 0.223828 0.439583 0.078906 0.140278
0 0.162500 0.385417 0.057813 0.098611
0 0.058203 0.377083 0.057031 0.095833
0 0.217578 0.366667 0.058594 0.100000
0 0.269531 0.354861 0.045313 0.093056
0 0.298438 0.336806 0.051562 0.079167
0 0.324219 0.290972 0.035937 0.062500
0 0.323047 0.247917 0.025781 0.040278
0 0.526172 0.283333 0.038281 0.069444
0 0.651953 0.256944 0.036719 0.066667
0 0.690234 0.260417 0.038281 0.073611
0 0.670313 0.238194 0.032812 0.059722
0 0.722656 0.174306 0.017188 0.026389
0 0.783594 0.178472 0.023438 0.034722
