0 0.783203 0.176389 0.027344 0.033333
0 0.725000 0.174306 0.018750 0.034722
0 0.666016 0.238889 0.039844 0.069444
0 0.653906 0.256250 0.034375 0.065278
0 0.692969 0.264583 0.040625 0.065278
0 0.525391 0.275000 0.044531 0.077778
0 0.321875 0.238194 0.018750 0.045833
0 0.324219 0.295833 0.032812 0.061111
0 0.296484 0.340278 0.047656 0.080556
0 0.268750 0.359028 0.056250 0.101389
0 0.211719 0.365972 0.060938 0.104167
0 0.166016 0.386111 0.063281 0.105556
0 0.059766 0.383333 0.053906 0.100000
0 0.138281 0.595139 0.126563 0.218056
0 0.224219 0.443750 0.081250 0.148611
0 0.322656 0.455556 0.085938 0.155556
0 0.411719 0.442361 0.079687 0.159722
0 0.542188 0.443750 0.096875 0.165278
0 0.596875 0.668750 0.165625 0.309722
0 0.444141 0.840278 0.222656 0.319444
