0 0.453906 0.835417 0.228125 0.329167
0 0.607031 0.649306 0.167187 0.309722
0 0.545703 0.435417 0.091406 0.148611
0 0.424609 0.444444 0.088281 0.158333
0 0.331641 0.452778 0.088281 0.152778
0 0.231641 0.433333 0.082031 0.136111
0 0.150000 0.590972 0.126563 0.209722
0 0.791406 0.174306 0.020312 0.029167
0 0.730859 0.168056 0.016406 0.025000
0 0.696484 0.263194 0.042969 0.068056
0 0.673437 0.240972 0.039062 0.073611
0 0.657812 0.252778 0.037500 0.063889
0 0.530859 0.279167 0.038281 0.066667
0 0.331250 0.239583 0.018750 0.031944
0 0.328906 0.284722 0.035937 0.058333
0 0.305859 0.338889 0.041406 0.086111
0 0.275000 0.351389 0.050000 0.091667
0 0.216406 0.361111 0.060938 0.102778
0 0.167578 0.384722 0.058594 0.108333
0 0.065234 0.374306 0.052344 0.087500
