0 0.459375 0.831250 0.212500 0.337500
0 0.611328 0.650000 0.163281 0.294444
0 0.156641 0.579167 0.117969 0.208333
0 0.238281 0.433333 0.082813 0.144444
0 0.335156 0.447917 0.090625 0.143056
0 0.428125 0.431250 0.081250 0.148611
0 0.554297 0.436806 0.092969 0.156944
0 0.074219 0.372917 0.053125 0.087500
0 0.016016 0.508333 0.032031 0.130556
0 0.178906 0.381250 0.065625 0.104167
0 0.231641 0.347917 0.053906 0.093056
0 0.282422 0.352778 0.055469 0.097222
0 0.312109 0.331250 0.047656 0.090278
0 0.338672 0.286111 0.033594 0.061111
0 0.337500 0.232639 0.018750 0.034722
0 0.538672 0.275000 0.042969 0.069444
0 0.667969 0.246528 0.035937 0.059722
0 0.707422 0.254861 0.047656 0.070833
0 0.676953 0.231944 0.032031 0.055556
0 0.738281 0.170139 0.012500 0.029167
0 0.798047 0.170833 0.025781 0.036111
