0 0.461719 0.831250 0.221875 0.337500
0 0.616797 0.651389 0.169531 0.291667
0 0.157813 0.580556 0.125000 0.211111
0 0.240625 0.429861 0.081250 0.129167
0 0.336328 0.445139 0.088281 0.156944
0 0.428125 0.434028 0.081250 0.154167
0 0.552734 0.431250 0.089844 0.140278
0 0.795703 0.169444 0.021094 0.036111
0 0.739844 0.168056 0.015625 0.025000
0 0.680469 0.228472 0.032812 0.054167
0 0.666797 0.245833 0.038281 0.061111
0 0.706250 0.250000 0.040625 0.069444
0 0.537891 0.275000 0.042969 0.066667
0 0.334766 0.236111 0.021094 0.033333
0 0.335547 0.286111 0.039844 0.061111
0 0.313281 0.323611 0.054688 0.086111
0 0.282813 0.347222 0.060938 0.094444
0 0.227344 0.354861 0.067188 0.101389
0 0.176953 0.379861 0.058594 0.115278
0 0.072656 0.365972 0.050000 0.095833
