0 0.471875 0.825000 0.221875 0.350000
0 0.618750 0.633333 0.167187 0.286111
0 0.166797 0.572917 0.128906 0.204167
0 0.244141 0.423611 0.078906 0.133333
0 0.343750 0.440972 0.084375 0.156944
0 0.434766 0.423611 0.082031 0.150000
0 0.560938 0.429861 0.089062 0.154167
0 0.016797 0.493056 0.033594 0.152778
0 0.083984 0.358333 0.053906 0.088889
0 0.185937 0.375000 0.064062 0.108333
0 0.235938 0.352083 0.068750 0.101389
0 0.288672 0.345139 0.058594 0.095833
0 0.319922 0.321528 0.049219 0.079167
0 0.342578 0.285417 0.039844 0.065278
0 0.341797 0.232639 0.017969 0.031944
0 0.545313 0.268750 0.045313 0.073611
0 0.710156 0.254167 0.042188 0.069444
0 0.670703 0.240972 0.039844 0.062500
0 0.685547 0.229167 0.042969 0.063889
0 0.746094 0.159722 0.015625 0.016667
0 0.804688 0.173611 0.025000 0.044444
