0 0.478125 0.821528 0.220313 0.356944
0 0.625391 0.631250 0.167969 0.287500
0 0.175781 0.559028 0.125000 0.201389
0 0.253516 0.420139 0.083594 0.140278
0 0.352344 0.434028 0.082813 0.151389
0 0.442187 0.421528 0.081250 0.151389
0 0.567969 0.425000 0.090625 0.161111
0 0.814062 0.165972 0.020312 0.043056
0 0.753516 0.168750 0.017969 0.031944
0 0.719922 0.250694 0.041406 0.070833
0 0.678906 0.234722 0.035937 0.066667
0 0.693750 0.223611 0.045313 0.063889
0 0.553906 0.269444 0.039062 0.080556
0 0.347266 0.226389 0.022656 0.027778
0 0.350000 0.279167 0.039062 0.061111
0 0.327734 0.319444 0.052344 0.075000
0 0.296094 0.338889 0.051562 0.100000
0 0.244141 0.347917 0.061719 0.109722
0 0.194922 0.369444 0.053906 0.097222
0 0.091406 0.362500 0.057813 0.100000
0 0.024609 0.488194 0.049219 0.156944
