0 0.474609 0.811111 0.233594 0.377778
0 0.627344 0.631944 0.159375 0.288889
0 0.173047 0.564583 0.122656 0.206944
0 0.253125 0.411806 0.078125 0.140278
0 0.354297 0.440278 0.088281 0.163889
0 0.444141 0.423611 0.080469 0.141667
0 0.568359 0.420139 0.091406 0.156944
0 0.812109 0.165972 0.019531 0.037500
0 0.748438 0.163889 0.017188 0.025000
0 0.716797 0.250000 0.042969 0.069444
0 0.681250 0.240972 0.040625 0.070833
0 0.700391 0.229861 0.038281 0.076389
0 0.552734 0.268750 0.041406 0.079167
0 0.348437 0.226389 0.025000 0.027778
0 0.349219 0.279861 0.037500 0.059722
0 0.325000 0.318750 0.051562 0.076389
0 0.294922 0.334028 0.058594 0.087500
0 0.241406 0.348611 0.060938 0.097222
0 0.192969 0.370833 0.057813 0.100000
0 0.091406 0.357639 0.062500 0.087500
0 0.026172 0.486806 0.052344 0.154167
