0 0.486328 0.806944 0.228906 0.386111
0 0.637891 0.629861 0.174219 0.301389
0 0.183594 0.554167 0.121875 0.208333
0 0.261719 0.413889 0.075000 0.127778
0 0.362891 0.432639 0.085156 0.148611
0 0.448047 0.416667 0.078906 0.141667
0 0.577734 0.422917 0.091406 0.156944
0 0.819922 0.163889 0.022656 0.047222
0 0.762109 0.158333 0.019531 0.022222
0 0.725000 0.243750 0.045313 0.084722
0 0.687891 0.236806 0.042969 0.070833
0 0.703906 0.218750 0.035937 0.054167
0 0.560938 0.265278 0.039062 0.080556
0 0.357031 0.221528 0.017188 0.040278
0 0.356250 0.276389 0.040625 0.063889
0 0.333203 0.316667 0.049219 0.080556
0 0.305078 0.329167 0.060156 0.086111
0 0.256250 0.341667 0.064062 0.105556
0 0.203906 0.364583 0.065625 0.104167
0 0.098047 0.352778 0.053906 0.088889
0 0.029297 0.479167 0.058594 0.144444
