0 0.819141 0.161806 0.022656 0.034722
0 0.756250 0.161111 0.017188 0.036111
0 0.723828 0.244444 0.039844 0.072222
0 0.694922 0.222222 0.036719 0.052778
0 0.681250 0.242361 0.035937 0.068056
0 0.558594 0.265972 0.039062 0.076389
0 0.358594 0.222222 0.018750 0.036111
0 0.356641 0.272222 0.042969 0.063889
0 0.332812 0.315278 0.050000 0.083333
0 0.302344 0.329167 0.045313 0.102778
0 0.250391 0.339583 0.064844 0.109722
0 0.204688 0.360417 0.064062 0.112500
0 0.098828 0.350694 0.052344 0.084722
0 0.030859 0.486111 0.061719 0.161111
0 0.184766 0.554861 0.124219 0.218056
0 0.262109 0.415972 0.078906 0.134722
0 0.355859 0.424306 0.096094 0.140278
0 0.451172 0.420139 0.086719 0.148611
0 0.573047 0.420833 0.094531 0.169444
0 0.632812 0.627083 0.165625 0.298611
0 0.490234 0.809722 0.219531 0.380556
