0 0.825781 0.163889 0.025000 0.033333
0 0.765625 0.158333 0.017188 0.027778
0 0.729688 0.243056 0.045313 0.066667
0 0.705859 0.219444 0.035156 0.061111
0 0.690234 0.236806 0.032031 0.062500
0 0.565625 0.254861 0.039062 0.059722
0 0.036328 0.468056 0.072656 0.172222
0 0.015625 0.504167 0.031250 0.155556
0 0.106641 0.347222 0.049219 0.083333
0 0.208594 0.354861 0.062500 0.084722
0 0.270703 0.404167 0.078906 0.125000
0 0.256250 0.334028 0.064062 0.095833
0 0.304688 0.320833 0.051562 0.105556
0 0.340234 0.306944 0.049219 0.091667
0 0.362109 0.266667 0.033594 0.061111
0 0.363672 0.219444 0.025781 0.044444
0 0.192578 0.550000 0.117969 0.200000
0 0.365234 0.426389 0.089844 0.152778
0 0.455469 0.411806 0.081250 0.148611
0 0.581250 0.415972 0.089062 0.156944
0 0.639453 0.615972 0.169531 0.290278
0 0.491797 0.805556 0.217969 0.375000
