0 0.833203 0.156944 0.021094 0.033333
0 0.775781 0.152083 0.015625 0.026389
0 0.712500 0.218750 0.039062 0.059722
0 0.698828 0.232639 0.042969 0.065278
0 0.569531 0.262500 0.043750 0.069444
0 0.738281 0.243056 0.050000 0.083333
0 0.368750 0.220139 0.020312 0.031944
0 0.373437 0.271528 0.035937 0.059722
0 0.350781 0.309028 0.045313 0.090278
0 0.318750 0.325694 0.053125 0.081944
0 0.270312 0.339583 0.064062 0.115278
0 0.221094 0.358333 0.060938 0.108333
0 0.114063 0.345139 0.054688 0.098611
0 0.038281 0.470833 0.076563 0.152778
0 0.017969 0.490278 0.035937 0.166667
0 0.200781 0.543750 0.120312 0.212500
0 0.277734 0.404861 0.078906 0.129167
0 0.375000 0.413889 0.087500 0.152778
0 0.463281 0.409028 0.082813 0.145833
0 0.588281 0.407639 0.092188 0.156944
0 0.649219 0.613194 0.165625 0.279167
0 0.500391 0.805556 0.221094 0.388889
