0 0.838672 0.158333 0.021094 0.044444
0 0.782812 0.154167 0.020312 0.022222
0 0.719922 0.218056 0.036719 0.069444
0 0.705078 0.230556 0.042969 0.066667
0 0.580078 0.252778 0.039844 0.066667
0 0.746094 0.238889 0.042188 0.075000
0 0.376563 0.216667 0.023438 0.033333
0 0.373828 0.259722 0.035156 0.061111
0 0.355859 0.301389 0.050781 0.080556
0 0.328516 0.322917 0.053906 0.106944
0 0.276953 0.331250 0.063281 0.106944
0 0.224609 0.351389 0.055469 0.094444
0 0.123438 0.339583 0.054688 0.098611
0 0.041406 0.467361 0.082813 0.156944
0 0.023828 0.491667 0.047656 0.163889
0 0.207422 0.528472 0.119531 0.206944
0 0.281641 0.394444 0.077344 0.136111
0 0.382031 0.417361 0.084375 0.154167
0 0.471875 0.408333 0.085938 0.155556
0 0.597266 0.406944 0.092969 0.161111
0 0.656641 0.604861 0.163281 0.284722
0 0.508984 0.805556 0.214844 0.388889
