0 0.131641 0.333333 0.058594 0.088889
0 0.234766 0.343056 0.057031 0.094444
0 0.276563 0.329167 0.064062 0.102778
0 0.332422 0.311111 0.047656 0.091667
0 0.357031 0.294444 0.043750 0.083333
0 0.384375 0.256250 0.037500 0.056944
0 0.380078 0.214583 0.024219 0.043056
0 0.587891 0.247917 0.042969 0.065278
0 0.715234 0.229861 0.036719 0.076389
0 0.753516 0.233333 0.033594 0.080556
0 0.723437 0.206944 0.032812 0.066667
0 0.785937 0.148611 0.021875 0.041667
0 0.848047 0.156250 0.019531 0.040278
0 0.603125 0.395833 0.090625 0.166667
0 0.023828 0.480556 0.047656 0.158333
0 0.047266 0.452778 0.083594 0.141667
0 0.216797 0.527083 0.119531 0.201389
0 0.291016 0.391667 0.078906 0.130556
0 0.388672 0.407639 0.083594 0.156944
0 0.479688 0.397917 0.085938 0.154167
0 0.665625 0.597917 0.167187 0.281944
0 0.514453 0.785417 0.222656 0.398611
