0 0.862500 0.147917 0.021875 0.031944
0 0.800781 0.142361 0.020312 0.029167
0 0.740234 0.204167 0.036719 0.055556
0 0.728125 0.221528 0.042188 0.068056
0 0.766406 0.224306 0.048437 0.065278
0 0.596484 0.243056 0.038281 0.075000
0 0.395703 0.199306 0.021094 0.040278
0 0.397656 0.248611 0.042188 0.050000
0 0.375000 0.283333 0.043750 0.077778
0 0.344141 0.306944 0.052344 0.091667
0 0.291406 0.310417 0.051562 0.093056
0 0.245312 0.330556 0.054688 0.108333
0 0.145703 0.318056 0.049219 0.088889
0 0.060938 0.433333 0.082813 0.136111
0 0.035547 0.467361 0.071094 0.173611
0 0.234766 0.504861 0.116406 0.195833
0 0.303906 0.376389 0.071875 0.125000
0 0.400000 0.400000 0.084375 0.147222
0 0.487891 0.385417 0.078906 0.143056
0 0.613672 0.391667 0.091406 0.155556
0 0.673828 0.576389 0.157031 0.277778
0 0.530078 0.759722 0.203906 0.386111
