0 0.536328 0.734028 0.205469 0.390278
0 0.679297 0.563889 0.158594 0.286111
0 0.619141 0.385417 0.088281 0.162500
0 0.494922 0.381250 0.075781 0.145833
0 0.408984 0.387500 0.083594 0.141667
0 0.310156 0.370139 0.070312 0.120833
0 0.241797 0.490278 0.119531 0.194444
0 0.072266 0.425000 0.078906 0.144444
0 0.039453 0.451389 0.078906 0.163889
0 0.152734 0.313194 0.049219 0.081944
0 0.255469 0.325000 0.060938 0.094444
0 0.305859 0.305556 0.058594 0.097222
0 0.353516 0.296528 0.050781 0.087500
0 0.383594 0.279167 0.050000 0.069444
0 0.402734 0.250694 0.033594 0.070833
0 0.400000 0.201389 0.015625 0.027778
0 0.603516 0.237500 0.038281 0.063889
0 0.744531 0.201389 0.035937 0.063889
0 0.732422 0.211111 0.033594 0.061111
0 0.771094 0.220139 0.043750 0.073611
0 0.866406 0.145833 0.020312 0.036111
0 0.807422 0.143750 0.014844 0.031944
