0 0.876172 0.143056 0.022656 0.036111
0 0.814062 0.140278 0.015625 0.030556
0 0.777344 0.214583 0.040625 0.068056
0 0.754297 0.197222 0.036719 0.055556
0 0.739453 0.215278 0.042969 0.061111
0 0.610156 0.231944 0.042188 0.080556
0 0.625781 0.375000 0.090625 0.172222
0 0.682813 0.547917 0.160938 0.276389
0 0.542188 0.713889 0.201562 0.397222
0 0.500000 0.369444 0.079687 0.144444
0 0.414844 0.379167 0.081250 0.155556
0 0.316406 0.362500 0.075000 0.125000
0 0.249219 0.475694 0.112500 0.190278
0 0.075000 0.419444 0.081250 0.147222
0 0.040625 0.436806 0.081250 0.156944
0 0.159766 0.305556 0.052344 0.088889
0 0.262109 0.318750 0.057031 0.093056
0 0.307813 0.300000 0.056250 0.088889
0 0.363672 0.289583 0.057031 0.081944
0 0.386719 0.275000 0.043750 0.077778
0 0.408594 0.243056 0.034375 0.061111
0 0.405469 0.200000 0.017188 0.033333
