0 0.896875 0.135417 0.026563 0.040278
0 0.833203 0.131944 0.017969 0.030556
0 0.772656 0.181944 0.035937 0.061111
0 0.753125 0.198611 0.037500 0.069444
0 0.794141 0.205556 0.047656 0.063889
0 0.626562 0.212500 0.039062 0.072222
0 0.424219 0.178472 0.018750 0.029167
0 0.426953 0.226389 0.038281 0.052778
0 0.402734 0.256250 0.047656 0.081944
0 0.375000 0.270833 0.051562 0.094444
0 0.323828 0.278472 0.063281 0.101389
0 0.278906 0.292361 0.057813 0.104167
0 0.176563 0.282639 0.051562 0.084722
0 0.264453 0.443750 0.111719 0.198611
0 0.334375 0.334722 0.078125 0.125000
0 0.430078 0.350694 0.083594 0.148611
0 0.517187 0.341667 0.075000 0.144444
0 0.643359 0.347222 0.091406 0.158333
0 0.695312 0.509028 0.159375 0.284722
0 0.553516 0.645139 0.205469 0.368056
0 0.093359 0.385417 0.091406 0.143056
0 0.051953 0.405556 0.092969 0.169444
