0 0.555078 0.635417 0.199219 0.376389
0 0.024219 0.335417 0.048437 0.109722
0 0.010156 0.386111 0.020312 0.127778
0 0.059766 0.395139 0.094531 0.154167
0 0.101172 0.373611 0.086719 0.133333
0 0.185547 0.276389 0.050781 0.088889
0 0.271094 0.431944 0.112500 0.191667
0 0.342187 0.324306 0.071875 0.126389
0 0.435547 0.340972 0.083594 0.145833
0 0.521484 0.331944 0.075781 0.136111
0 0.646484 0.336111 0.088281 0.141667
0 0.701563 0.493750 0.157813 0.279167
0 0.632031 0.213194 0.043750 0.076389
0 0.778516 0.182639 0.039844 0.065278
0 0.761328 0.193056 0.038281 0.058333
0 0.802344 0.200000 0.045313 0.072222
0 0.841016 0.127083 0.017969 0.023611
0 0.902344 0.134722 0.025000 0.038889
0 0.429688 0.175694 0.015625 0.023611
0 0.433984 0.221528 0.039844 0.056944
0 0.413281 0.245833 0.048437 0.075000
0 0.383594 0.264583 0.053125 0.098611
0 0.332422 0.277083 0.063281 0.101389
0 0.282813 0.288889 0.056250 0.094444
