0 0.557422 0.627083 0.207031 0.359722
0 0.901172 0.131250 0.021094 0.026389
0 0.840625 0.131250 0.018750 0.029167
0 0.797266 0.196528 0.044531 0.081944
0 0.779688 0.176389 0.032812 0.055556
0 0.764453 0.193750 0.050781 0.068056
0 0.633203 0.217361 0.041406 0.068056
0 0.646875 0.338889 0.090625 0.155556
0 0.703516 0.493056 0.158594 0.277778
0 0.521875 0.333333 0.081250 0.150000
0 0.436719 0.350694 0.084375 0.154167
0 0.428906 0.177778 0.018750 0.027778
0 0.431250 0.214583 0.034375 0.054167
0 0.407031 0.253472 0.045313 0.081944
0 0.381250 0.269444 0.054688 0.088889
0 0.330469 0.266667 0.056250 0.100000
0 0.284375 0.286111 0.054688 0.091667
0 0.183594 0.276389 0.045313 0.080556
0 0.340234 0.328472 0.075781 0.118056
0 0.273047 0.429861 0.111719 0.193056
0 0.100781 0.377778 0.079687 0.147222
0 0.060938 0.395139 0.092188 0.162500
0 0.021484 0.350694 0.042969 0.134722
