0 0.567578 0.581944 0.200781 0.358333
0 0.715234 0.457639 0.158594 0.273611
0 0.663672 0.314583 0.089844 0.148611
0 0.652734 0.194444 0.042969 0.075000
0 0.784375 0.183333 0.046875 0.072222
0 0.821094 0.192361 0.042188 0.070833
0 0.794141 0.175694 0.033594 0.065278
0 0.860156 0.121528 0.018750 0.037500
0 0.923828 0.121528 0.027344 0.037500
0 0.539062 0.311806 0.081250 0.140278
0 0.451172 0.315278 0.082031 0.133333
0 0.354688 0.306944 0.073437 0.130556
0 0.288281 0.397917 0.112500 0.184722
0 0.121875 0.349306 0.078125 0.134722
0 0.080469 0.370833 0.095312 0.163889
0 0.025391 0.355556 0.050781 0.158333
0 0.032812 0.315278 0.065625 0.130556
0 0.201562 0.258333 0.050000 0.077778
0 0.302344 0.265972 0.056250 0.093056
0 0.448438 0.171528 0.015625 0.020833
0 0.448438 0.204861 0.031250 0.059722
0 0.426172 0.228472 0.042969 0.062500
0 0.397656 0.252778 0.048437 0.097222
0 0.346094 0.254167 0.054688 0.094444
