0 0.568750 0.585417 0.203125 0.351389
0 0.924609 0.125694 0.021094 0.029167
0 0.860156 0.120139 0.018750 0.031944
0 0.819531 0.190278 0.050000 0.069444
0 0.797656 0.170139 0.029687 0.054167
0 0.781250 0.181944 0.040625 0.066667
0 0.649219 0.200694 0.043750 0.070833
0 0.661719 0.318056 0.090625 0.152778
0 0.717969 0.452083 0.164062 0.270833
0 0.535156 0.311806 0.081250 0.148611
0 0.450000 0.319444 0.084375 0.147222
0 0.357031 0.301389 0.073437 0.122222
0 0.287891 0.400000 0.113281 0.197222
0 0.121875 0.347917 0.084375 0.148611
0 0.075781 0.357639 0.095312 0.159722
0 0.023828 0.361806 0.047656 0.159722
0 0.030078 0.315278 0.060156 0.133333
0 0.450781 0.173611 0.020312 0.027778
0 0.447656 0.206944 0.034375 0.058333
0 0.426953 0.231250 0.044531 0.084722
0 0.400000 0.246528 0.050000 0.087500
0 0.345703 0.257639 0.060156 0.106944
0 0.301953 0.262500 0.057031 0.088889
0 0.200781 0.258333 0.048437 0.086111
