0 0.457812 0.159028 0.017188 0.020833
0 0.457812 0.196528 0.034375 0.048611
0 0.434375 0.221528 0.043750 0.076389
0 0.409766 0.237500 0.050781 0.086111
0 0.358984 0.243056 0.058594 0.091667
0 0.312500 0.255556 0.056250 0.094444
0 0.214844 0.245833 0.046875 0.088889
0 0.296094 0.386806 0.110937 0.193056
0 0.366406 0.289583 0.073437 0.123611
0 0.458984 0.304167 0.080469 0.144444
0 0.546484 0.297222 0.077344 0.138889
0 0.576563 0.561806 0.201562 0.362500
0 0.726172 0.440972 0.157031 0.276389
0 0.674219 0.305556 0.096875 0.158333
0 0.661328 0.190278 0.044531 0.069444
0 0.807422 0.166667 0.035156 0.061111
0 0.831250 0.181250 0.046875 0.079167
0 0.792188 0.176389 0.040625 0.069444
0 0.871484 0.117361 0.021094 0.037500
0 0.935156 0.118750 0.025000 0.026389
0 0.134375 0.333333 0.073437 0.138889
0 0.090234 0.345139 0.091406 0.162500
0 0.035156 0.305556 0.067188 0.119444
0 0.033984 0.347222 0.067969 0.158333
0 0.021094 0.492361 0.042188 0.226389
