0 0.889063 0.123611 0.018750 0.041667
0 0.951563 0.120833 0.018750 0.038889
0 0.823438 0.161111 0.032812 0.052778
0 0.803516 0.171528 0.038281 0.065278
0 0.844922 0.179167 0.042969 0.066667
0 0.671094 0.184722 0.040625 0.066667
0 0.680859 0.293056 0.091406 0.155556
0 0.733984 0.427778 0.157031 0.269444
0 0.583984 0.537500 0.199219 0.355556
0 0.556250 0.288194 0.081250 0.143056
0 0.470313 0.291667 0.081250 0.138889
0 0.468359 0.154167 0.017969 0.030556
0 0.470313 0.189583 0.028125 0.051389
0 0.446484 0.217361 0.046094 0.076389
0 0.419141 0.226389 0.049219 0.088889
0 0.369531 0.238889 0.056250 0.108333
0 0.319922 0.245139 0.053906 0.095833
0 0.378516 0.284028 0.074219 0.123611
0 0.305469 0.366667 0.109375 0.186111
0 0.226172 0.237500 0.046094 0.086111
0 0.144922 0.319444 0.083594 0.138889
0 0.100000 0.337500 0.093750 0.158333
0 0.048047 0.297222 0.082031 0.138889
0 0.029687 0.324306 0.059375 0.131944
0 0.030078 0.466667 0.060156 0.219444
