0 0.024219 0.479167 0.048437 0.230556
0 0.030859 0.327083 0.060156 0.131944
0 0.051172 0.291667 0.072656 0.127778
0 0.101953 0.335417 0.100781 0.143056
0 0.143359 0.318056 0.075781 0.141667
0 0.224609 0.236111 0.047656 0.083333
0 0.469141 0.149306 0.019531 0.020833
0 0.470313 0.189583 0.032812 0.062500
0 0.449609 0.213889 0.046094 0.080556
0 0.421094 0.230556 0.048437 0.094444
0 0.369141 0.240278 0.055469 0.097222
0 0.321094 0.245139 0.051562 0.087500
0 0.376172 0.287500 0.072656 0.113889
0 0.466797 0.295833 0.083594 0.141667
0 0.557422 0.283333 0.078906 0.133333
0 0.307031 0.366667 0.109375 0.186111
0 0.587109 0.537500 0.196094 0.363889
0 0.732813 0.426389 0.165625 0.277778
0 0.682422 0.286806 0.089844 0.148611
0 0.671875 0.184722 0.043750 0.080556
0 0.820312 0.162500 0.032812 0.052778
0 0.803125 0.170833 0.037500 0.063889
0 0.845703 0.178472 0.046094 0.079167
0 0.885938 0.115972 0.023438 0.029167
0 0.951563 0.116667 0.025000 0.036111
