0 0.957031 0.127083 0.021875 0.037500
0 0.892578 0.115278 0.021094 0.033333
0 0.853906 0.180556 0.045313 0.072222
0 0.810547 0.170833 0.039844 0.063889
0 0.825781 0.161806 0.035937 0.054167
0 0.679688 0.184028 0.037500 0.065278
0 0.471094 0.147917 0.018750 0.026389
0 0.477344 0.195139 0.037500 0.059722
0 0.452344 0.217361 0.045313 0.084722
0 0.428125 0.228472 0.060938 0.090278
0 0.375781 0.234028 0.059375 0.093056
0 0.326172 0.234028 0.053906 0.098611
0 0.382031 0.274306 0.071875 0.118056
0 0.314844 0.359722 0.117188 0.180556
0 0.476562 0.289583 0.084375 0.129167
0 0.564062 0.283333 0.081250 0.141667
0 0.687109 0.295139 0.094531 0.159722
0 0.737891 0.410417 0.164844 0.273611
0 0.585938 0.532639 0.203125 0.351389
0 0.229687 0.231944 0.043750 0.077778
0 0.150781 0.309028 0.078125 0.143056
0 0.105469 0.322222 0.092188 0.155556
0 0.056641 0.286111 0.077344 0.136111
0 0.036328 0.327778 0.072656 0.152778
0 0.026953 0.466667 0.053906 0.244444
