0 0.968359 0.122222 0.027344 0.033333
0 0.902734 0.111806 0.019531 0.037500
0 0.860547 0.175000 0.044531 0.072222
0 0.837109 0.152778 0.035156 0.052778
0 0.819922 0.164583 0.038281 0.065278
0 0.685547 0.180556 0.044531 0.069444
0 0.697266 0.284028 0.089844 0.154167
0 0.747266 0.414583 0.155469 0.273611
0 0.595312 0.526389 0.206250 0.369444
0 0.569922 0.274306 0.080469 0.126389
0 0.482812 0.288194 0.081250 0.143056
0 0.391406 0.270833 0.070312 0.125000
0 0.316797 0.354167 0.108594 0.191667
0 0.241406 0.226389 0.048437 0.077778
0 0.334375 0.235417 0.051562 0.095833
0 0.377344 0.235417 0.062500 0.115278
0 0.429297 0.224306 0.047656 0.090278
0 0.464844 0.213889 0.043750 0.072222
0 0.482031 0.191667 0.035937 0.061111
0 0.482031 0.149306 0.018750 0.029167
0 0.119922 0.320139 0.096094 0.148611
0 0.161328 0.302778 0.072656 0.144444
0 0.037891 0.311806 0.072656 0.134722
0 0.068359 0.277778 0.063281 0.125000
0 0.022266 0.270833 0.042969 0.133333
0 0.037891 0.465972 0.075781 0.237500
