0 0.489062 0.145833 0.017188 0.030556
0 0.490625 0.184722 0.034375 0.052778
0 0.462891 0.214583 0.050781 0.090278
0 0.438672 0.221528 0.052344 0.098611
0 0.386719 0.220139 0.054688 0.095833
0 0.341406 0.224306 0.056250 0.090278
0 0.021484 0.250000 0.042969 0.097222
0 0.074609 0.271528 0.066406 0.120833
0 0.165625 0.298611 0.076563 0.133333
0 0.246875 0.219444 0.051562 0.080556
0 0.044141 0.303472 0.085156 0.126389
0 0.122656 0.311806 0.092188 0.143056
0 0.036328 0.456944 0.072656 0.269444
0 0.326562 0.350000 0.112500 0.191667
0 0.394531 0.266667 0.068750 0.111111
0 0.487500 0.279167 0.079687 0.144444
0 0.602734 0.518056 0.207031 0.361111
0 0.753125 0.408333 0.156250 0.269444
0 0.575000 0.275694 0.081250 0.137500
0 0.704297 0.281944 0.092969 0.158333
0 0.690625 0.175694 0.042188 0.070833
0 0.829297 0.170139 0.039844 0.068056
0 0.840625 0.155556 0.031250 0.058333
0 0.869141 0.175000 0.038281 0.072222
0 0.912891 0.110417 0.019531 0.037500
0 0.976953 0.109028 0.021094 0.040278
