0 0.918750 0.114583 0.023438 0.034722
0 0.985937 0.118750 0.025000 0.043056
0 0.846484 0.153472 0.035156 0.062500
0 0.830078 0.161111 0.035156 0.063889
0 0.876562 0.170139 0.043750 0.076389
0 0.697656 0.171528 0.042188 0.070833
0 0.494922 0.140972 0.016406 0.029167
0 0.499609 0.181250 0.033594 0.051389
0 0.472266 0.202083 0.042969 0.084722
0 0.448438 0.211806 0.057813 0.087500
0 0.396875 0.213194 0.059375 0.090278
0 0.402734 0.253472 0.075781 0.129167
0 0.344531 0.223611 0.050000 0.091667
0 0.253125 0.212500 0.046875 0.075000
0 0.173438 0.288194 0.076563 0.131944
0 0.132812 0.297917 0.090625 0.143056
0 0.075781 0.267361 0.070312 0.126389
0 0.046094 0.297222 0.081250 0.138889
0 0.021484 0.256944 0.042969 0.119444
0 0.041406 0.437500 0.082813 0.250000
0 0.333594 0.340972 0.110937 0.181944
0 0.498437 0.277083 0.079687 0.148611
0 0.582812 0.265972 0.079687 0.143056
0 0.612891 0.513194 0.210156 0.373611
0 0.762109 0.406250 0.160156 0.273611
0 0.710156 0.275694 0.092188 0.156944
