0 0.928125 0.114583 0.021875 0.034722
0 0.990625 0.117361 0.015625 0.037500
0 0.858594 0.156250 0.029687 0.054167
0 0.883594 0.170833 0.050000 0.072222
0 0.837891 0.162500 0.030469 0.063889
0 0.708203 0.164583 0.044531 0.059722
0 0.714063 0.282639 0.089062 0.168056
0 0.769531 0.401389 0.160938 0.280556
0 0.617578 0.506944 0.202344 0.366667
0 0.589453 0.261806 0.083594 0.120833
0 0.503125 0.276389 0.078125 0.147222
0 0.506250 0.138194 0.023438 0.031944
0 0.505469 0.177083 0.037500 0.051389
0 0.480859 0.197222 0.044531 0.075000
0 0.452734 0.211806 0.050781 0.093056
0 0.400391 0.221528 0.053906 0.112500
0 0.412500 0.261111 0.078125 0.125000
0 0.358203 0.226389 0.061719 0.097222
0 0.341016 0.340278 0.107031 0.186111
0 0.262500 0.213194 0.050000 0.090278
0 0.181250 0.286806 0.079687 0.140278
0 0.136328 0.304167 0.088281 0.144444
0 0.083594 0.254167 0.062500 0.100000
0 0.052734 0.295139 0.088281 0.140278
0 0.042969 0.436806 0.085938 0.256944
0 0.032422 0.238194 0.053906 0.093056
0 0.021875 0.245833 0.043750 0.102778
