0 0.924219 0.109722 0.018750 0.033333
0 0.989844 0.113889 0.017188 0.036111
0 0.880078 0.169444 0.042969 0.077778
0 0.840625 0.161806 0.035937 0.070833
0 0.856641 0.143056 0.030469 0.033333
0 0.704687 0.174306 0.042188 0.068056
0 0.498828 0.137500 0.024219 0.033333
0 0.507031 0.177778 0.029687 0.047222
0 0.481250 0.198611 0.040625 0.066667
0 0.452344 0.213194 0.056250 0.090278
0 0.398828 0.214583 0.055469 0.093056
0 0.355078 0.223611 0.055469 0.091667
0 0.260547 0.212500 0.046094 0.086111
0 0.411719 0.259028 0.073437 0.115278
0 0.340234 0.336111 0.107031 0.183333
0 0.502734 0.272917 0.080469 0.143056
0 0.589844 0.271528 0.082813 0.145833
0 0.717969 0.281250 0.092188 0.156944
0 0.771484 0.402083 0.166406 0.268056
0 0.618750 0.513889 0.204688 0.375000
0 0.139453 0.303472 0.088281 0.145833
0 0.175391 0.292361 0.078906 0.143056
0 0.082813 0.263889 0.071875 0.125000
0 0.055859 0.301389 0.078906 0.138889
0 0.029297 0.257639 0.058594 0.137500
0 0.044531 0.441667 0.089062 0.258333
