0 0.935938 0.105556 0.020312 0.025000
0 0.869922 0.156250 0.039844 0.054167
0 0.853516 0.159722 0.039844 0.058333
0 0.893359 0.168056 0.044531 0.066667
0 0.717188 0.175000 0.040625 0.066667
0 0.728125 0.272222 0.096875 0.150000
0 0.777734 0.401389 0.155469 0.272222
0 0.627734 0.508333 0.202344 0.352778
0 0.600781 0.266667 0.084375 0.130556
0 0.509766 0.137500 0.016406 0.033333
0 0.510156 0.176389 0.037500 0.052778
0 0.490625 0.190972 0.040625 0.059722
0 0.461719 0.205556 0.048437 0.080556
0 0.410547 0.216667 0.052344 0.097222
0 0.362891 0.219444 0.057031 0.080556
0 0.269141 0.213889 0.046094 0.091667
0 0.350781 0.336111 0.107813 0.180556
0 0.419141 0.260417 0.069531 0.112500
0 0.510547 0.272222 0.082031 0.138889
0 0.152734 0.295833 0.083594 0.147222
0 0.069531 0.293750 0.078125 0.134722
0 0.098828 0.264583 0.067969 0.126389
0 0.189844 0.281944 0.081250 0.138889
0 0.039062 0.257639 0.078125 0.131944
0 0.050000 0.428472 0.100000 0.234722
