0 0.935156 0.112500 0.025000 0.033333
0 0.866406 0.156944 0.039062 0.063889
0 0.851562 0.163194 0.035937 0.056944
0 0.892187 0.167361 0.045313 0.062500
0 0.718750 0.171528 0.040625 0.065278
0 0.511328 0.136111 0.019531 0.019444
0 0.510938 0.168750 0.032812 0.040278
0 0.489844 0.188194 0.045313 0.068056
0 0.461719 0.208333 0.057813 0.086111
0 0.405469 0.223611 0.053125 0.088889
0 0.362891 0.215972 0.046094 0.076389
0 0.268750 0.212500 0.045313 0.077778
0 0.416016 0.260417 0.075781 0.112500
0 0.349609 0.333333 0.105469 0.186111
0 0.510547 0.272917 0.080469 0.143056
0 0.600781 0.269444 0.079687 0.144444
0 0.725000 0.269444 0.093750 0.150000
0 0.778906 0.401389 0.165625 0.272222
0 0.625391 0.510417 0.202344 0.359722
0 0.149609 0.300694 0.086719 0.151389
0 0.065234 0.301389 0.085156 0.150000
0 0.103125 0.256250 0.065625 0.109722
0 0.041016 0.254167 0.082031 0.138889
0 0.185156 0.290278 0.084375 0.150000
0 0.048047 0.432639 0.096094 0.240278
