0 0.056641 0.227778 0.050781 0.086111
0 0.028516 0.225694 0.057031 0.084722
0 0.029297 0.316667 0.058594 0.125000
0 0.060156 0.422917 0.120312 0.237500
0 0.085938 0.288889 0.078125 0.136111
0 0.110156 0.248611 0.065625 0.100000
0 0.163672 0.297222 0.078906 0.152778
0 0.199609 0.281250 0.088281 0.145833
0 0.278906 0.209722 0.048437 0.083333
0 0.519531 0.142361 0.023438 0.031944
0 0.519922 0.177083 0.030469 0.051389
0 0.498828 0.201389 0.042969 0.080556
0 0.470313 0.209028 0.053125 0.090278
0 0.419531 0.216667 0.059375 0.105556
0 0.373828 0.218750 0.060156 0.090278
0 0.427734 0.254861 0.066406 0.126389
0 0.359766 0.336111 0.108594 0.191667
0 0.521094 0.270833 0.081250 0.147222
0 0.608984 0.267361 0.078906 0.140278
0 0.728516 0.173611 0.042969 0.075000
0 0.878125 0.161806 0.029687 0.062500
0 0.862891 0.162500 0.038281 0.061111
0 0.738281 0.277778 0.093750 0.158333
0 0.787891 0.395833 0.163281 0.263889
0 0.637109 0.509028 0.203906 0.370833
0 0.906641 0.169444 0.042969 0.069444
