0 0.519922 0.142361 0.013281 0.023611
0 0.520703 0.175000 0.032031 0.052778
0 0.498047 0.196528 0.041406 0.081944
0 0.470313 0.205556 0.053125 0.091667
0 0.373437 0.219444 0.053125 0.091667
0 0.279687 0.210417 0.045313 0.081944
0 0.201953 0.280556 0.072656 0.130556
0 0.158594 0.293750 0.087500 0.145833
0 0.110937 0.250694 0.059375 0.104167
0 0.084375 0.286111 0.079687 0.138889
0 0.051953 0.225694 0.058594 0.087500
0 0.029297 0.229167 0.058594 0.083333
0 0.025000 0.297917 0.048437 0.104167
0 0.053906 0.427778 0.106250 0.250000
0 0.425391 0.212500 0.057031 0.097222
0 0.429297 0.254167 0.071094 0.119444
0 0.360156 0.329861 0.110937 0.184722
0 0.523438 0.269444 0.081250 0.144444
0 0.610156 0.268056 0.076563 0.138889
0 0.637109 0.509722 0.203906 0.363889
0 0.787500 0.400694 0.162500 0.270833
0 0.737109 0.276389 0.096094 0.158333
0 0.726172 0.173611 0.038281 0.066667
0 0.878906 0.156944 0.037500 0.063889
0 0.861719 0.161111 0.040625 0.063889
0 0.905469 0.170833 0.040625 0.072222
0 0.944531 0.111806 0.017188 0.029167
