0 0.932031 0.154861 0.040625 0.065278
0 0.912500 0.164583 0.040625 0.065278
0 0.956641 0.172222 0.044531 0.072222
0 0.771484 0.170833 0.038281 0.063889
0 0.786719 0.276389 0.100000 0.150000
0 0.842969 0.404167 0.168750 0.266667
0 0.693750 0.503472 0.204688 0.365278
0 0.563672 0.128472 0.016406 0.031944
0 0.564844 0.165972 0.032812 0.051389
0 0.544922 0.192361 0.042969 0.076389
0 0.511719 0.200000 0.050000 0.088889
0 0.463672 0.205556 0.053906 0.100000
0 0.419141 0.211111 0.058594 0.100000
0 0.326562 0.200000 0.048437 0.088889
0 0.251172 0.268750 0.074219 0.129167
0 0.212891 0.283333 0.089844 0.144444
0 0.164062 0.229167 0.057813 0.102778
0 0.139062 0.273611 0.078125 0.133333
0 0.052344 0.309028 0.092188 0.148611
0 0.071875 0.247222 0.073437 0.119444
0 0.099609 0.215278 0.066406 0.108333
0 0.090625 0.408333 0.156250 0.222222
0 0.411719 0.331944 0.110937 0.191667
0 0.569141 0.268056 0.083594 0.138889
0 0.656641 0.264583 0.083594 0.143056
