0 0.563672 0.127778 0.016406 0.022222
0 0.567187 0.164583 0.031250 0.056944
0 0.546094 0.191667 0.040625 0.080556
0 0.515625 0.197917 0.050000 0.084722
0 0.469141 0.202778 0.053906 0.102778
0 0.421484 0.215972 0.053906 0.104167
0 0.476953 0.245833 0.067969 0.116667
0 0.324219 0.195833 0.048437 0.083333
0 0.053516 0.303472 0.092969 0.143056
0 0.073047 0.241667 0.064844 0.105556
0 0.096094 0.214583 0.070312 0.093056
0 0.135547 0.278472 0.080469 0.143056
0 0.164062 0.244444 0.065625 0.133333
0 0.214844 0.284722 0.093750 0.152778
0 0.255078 0.271528 0.067969 0.140278
0 0.088672 0.409722 0.152344 0.252778
0 0.411328 0.320139 0.110156 0.187500
0 0.568359 0.265278 0.083594 0.144444
0 0.651953 0.264583 0.085156 0.145833
0 0.771875 0.168056 0.042188 0.066667
0 0.787891 0.281250 0.096094 0.168056
0 0.843750 0.405556 0.164062 0.272222
0 0.693359 0.505556 0.203906 0.363889
0 0.931641 0.154861 0.035156 0.068056
0 0.911719 0.161806 0.037500 0.081944
0 0.958984 0.171528 0.044531 0.073611
