0 0.576172 0.125000 0.014844 0.033333
0 0.579687 0.167361 0.029687 0.051389
0 0.557422 0.193056 0.046094 0.077778
0 0.531641 0.197222 0.053906 0.094444
0 0.482031 0.207639 0.057813 0.112500
0 0.436719 0.208333 0.056250 0.086111
0 0.492188 0.243056 0.067188 0.127778
0 0.583203 0.259722 0.082031 0.136111
0 0.669922 0.262500 0.083594 0.147222
0 0.426172 0.320139 0.105469 0.179167
0 0.339844 0.197917 0.045313 0.079167
0 0.075391 0.302778 0.094531 0.144444
0 0.094141 0.247917 0.077344 0.118056
0 0.095703 0.202083 0.047656 0.065278
0 0.130469 0.206250 0.043750 0.068056
0 0.155469 0.271528 0.082813 0.129167
0 0.182812 0.227778 0.060938 0.100000
0 0.229687 0.279167 0.090625 0.141667
0 0.268359 0.270833 0.072656 0.133333
0 0.108594 0.406250 0.145313 0.231944
0 0.708203 0.505556 0.202344 0.358333
0 0.860547 0.401389 0.161719 0.261111
0 0.804297 0.271528 0.097656 0.156944
0 0.789062 0.165972 0.040625 0.070833
0 0.946094 0.154861 0.034375 0.068056
0 0.927734 0.161806 0.038281 0.065278
0 0.974609 0.168750 0.042969 0.076389
