0 0.962891 0.152778 0.036719 0.069444
0 0.982031 0.175694 0.032812 0.081944
0 0.944922 0.162500 0.035156 0.063889
0 0.805078 0.165278 0.041406 0.066667
0 0.591406 0.125000 0.020312 0.033333
0 0.594141 0.163889 0.033594 0.047222
0 0.573047 0.188889 0.042969 0.075000
0 0.546484 0.199306 0.050781 0.095833
0 0.498437 0.200694 0.056250 0.093056
0 0.448438 0.207639 0.050000 0.095833
0 0.505859 0.245833 0.067969 0.116667
0 0.442969 0.320139 0.107813 0.176389
0 0.356641 0.195833 0.047656 0.091667
0 0.287891 0.267361 0.082031 0.131944
0 0.246484 0.274306 0.085156 0.134722
0 0.173438 0.275000 0.087500 0.133333
0 0.197266 0.236111 0.058594 0.108333
0 0.096094 0.303472 0.100000 0.151389
0 0.111719 0.245833 0.075000 0.125000
0 0.116016 0.197222 0.042969 0.066667
0 0.144922 0.192361 0.044531 0.065278
0 0.130078 0.398611 0.146094 0.238889
0 0.030859 0.395139 0.061719 0.220833
0 0.016797 0.221528 0.033594 0.098611
0 0.598047 0.265972 0.078906 0.134722
0 0.689844 0.264583 0.087500 0.159722
0 0.819531 0.275000 0.096875 0.161111
0 0.879687 0.411806 0.168750 0.287500
0 0.727734 0.506944 0.207031 0.358333
