0 0.878906 0.404167 0.167187 0.277778
0 0.822266 0.275000 0.099219 0.161111
0 0.805078 0.169444 0.041406 0.077778
0 0.966016 0.154861 0.033594 0.059722
0 0.983203 0.167361 0.030469 0.070833
0 0.943750 0.156944 0.037500 0.069444
0 0.728516 0.504167 0.203906 0.347222
0 0.688281 0.262500 0.081250 0.136111
0 0.599609 0.262500 0.082031 0.138889
0 0.592188 0.128472 0.018750 0.026389
0 0.595703 0.165972 0.028906 0.054167
0 0.573828 0.186111 0.041406 0.072222
0 0.547656 0.197917 0.053125 0.087500
0 0.496484 0.198611 0.053906 0.094444
0 0.448047 0.204861 0.049219 0.079167
0 0.505859 0.245833 0.067969 0.125000
0 0.442969 0.320833 0.101562 0.172222
0 0.356250 0.192361 0.043750 0.084722
0 0.283984 0.268750 0.074219 0.134722
0 0.246875 0.275694 0.081250 0.148611
0 0.204297 0.236111 0.057031 0.097222
0 0.172266 0.265278 0.082031 0.136111
0 0.096094 0.302778 0.100000 0.144444
0 0.111328 0.237500 0.064844 0.105556
0 0.133594 0.197917 0.059375 0.073611
0 0.128906 0.403472 0.146875 0.237500
0 0.030859 0.403472 0.061719 0.240278
0 0.017188 0.213194 0.034375 0.115278
