0 0.748438 0.509028 0.207813 0.356944
0 0.898438 0.408333 0.168750 0.275000
0 0.840625 0.277083 0.100000 0.156944
0 0.820703 0.166667 0.047656 0.080556
0 0.966797 0.166667 0.041406 0.072222
0 0.980859 0.153472 0.035156 0.062500
0 0.705078 0.259028 0.083594 0.134722
0 0.617969 0.261111 0.081250 0.138889
0 0.608594 0.123611 0.020312 0.022222
0 0.610937 0.163889 0.029687 0.055556
0 0.591406 0.188194 0.039062 0.068056
0 0.562891 0.195833 0.057031 0.091667
0 0.513281 0.197917 0.057813 0.098611
0 0.469922 0.200000 0.053906 0.080556
0 0.521094 0.243056 0.075000 0.119444
0 0.459766 0.318056 0.105469 0.183333
0 0.373047 0.195139 0.047656 0.081944
0 0.303516 0.265972 0.080469 0.134722
0 0.266016 0.275000 0.088281 0.144444
0 0.215625 0.229167 0.060938 0.108333
0 0.116406 0.298611 0.089062 0.144444
0 0.128906 0.222222 0.068750 0.086111
0 0.115625 0.442361 0.001563 0.001389
0 0.153125 0.400000 0.146875 0.244444
0 0.150781 0.193056 0.071875 0.075000
0 0.026563 0.218056 0.051562 0.091667
0 0.038672 0.391667 0.077344 0.227778
0 0.026953 0.440278 0.053906 0.244444
