0 0.605859 0.128472 0.019531 0.031944
0 0.611328 0.161806 0.033594 0.045833
0 0.588672 0.193056 0.047656 0.086111
0 0.562891 0.197222 0.050781 0.086111
0 0.513672 0.196528 0.058594 0.090278
0 0.467187 0.206250 0.046875 0.090278
0 0.525000 0.242361 0.067188 0.118056
0 0.463281 0.315278 0.104687 0.177778
0 0.375000 0.188194 0.043750 0.079167
0 0.304297 0.257639 0.067969 0.126389
0 0.265234 0.270139 0.085156 0.134722
0 0.220313 0.230556 0.062500 0.105556
0 0.188281 0.262500 0.078125 0.122222
0 0.117578 0.295139 0.091406 0.148611
0 0.127734 0.235417 0.063281 0.095833
0 0.137109 0.202778 0.039844 0.077778
0 0.165234 0.194444 0.038281 0.066667
0 0.153516 0.398611 0.149219 0.238889
0 0.039453 0.398611 0.078906 0.250000
0 0.028906 0.451389 0.057813 0.269444
0 0.026172 0.213889 0.050781 0.083333
0 0.614062 0.261111 0.079687 0.133333
0 0.701563 0.256250 0.081250 0.134722
0 0.819922 0.167361 0.042969 0.062500
0 0.972266 0.157639 0.052344 0.073611
0 0.838672 0.275694 0.102344 0.162500
0 0.898438 0.406250 0.167187 0.281944
0 0.748047 0.511806 0.205469 0.359722
