0 0.621094 0.123611 0.017188 0.030556
0 0.626953 0.161806 0.027344 0.045833
0 0.605078 0.187500 0.042969 0.086111
0 0.578906 0.190972 0.056250 0.098611
0 0.528906 0.204861 0.053125 0.093056
0 0.540625 0.241667 0.070312 0.119444
0 0.483203 0.202778 0.047656 0.088889
0 0.478906 0.322917 0.104687 0.181944
0 0.392188 0.195833 0.048437 0.088889
0 0.319531 0.264583 0.075000 0.134722
0 0.286328 0.271528 0.082031 0.140278
0 0.236328 0.226389 0.057031 0.105556
0 0.215625 0.261111 0.084375 0.138889
0 0.179688 0.195139 0.045313 0.070833
0 0.151953 0.203472 0.058594 0.076389
0 0.143750 0.224306 0.065625 0.079167
0 0.135156 0.290972 0.089062 0.129167
0 0.174609 0.403472 0.142969 0.231944
0 0.038672 0.440278 0.077344 0.272222
0 0.052734 0.401389 0.105469 0.252778
0 0.044141 0.218750 0.060156 0.090278
0 0.633984 0.259722 0.085156 0.144444
0 0.723047 0.262500 0.082031 0.141667
0 0.840234 0.168750 0.046094 0.068056
0 0.981250 0.162500 0.034375 0.080556
0 0.858594 0.281944 0.101562 0.175000
0 0.917578 0.414583 0.161719 0.281944
0 0.767578 0.513889 0.211719 0.361111
