0 0.858984 0.167361 0.041406 0.070833
0 0.990234 0.166667 0.016406 0.080556
0 0.878906 0.286111 0.104687 0.158333
0 0.927344 0.422222 0.142188 0.288889
0 0.792578 0.511806 0.210156 0.348611
0 0.637109 0.125694 0.021094 0.026389
0 0.645703 0.166667 0.035156 0.055556
0 0.622656 0.188194 0.046875 0.084722
0 0.596484 0.201389 0.058594 0.086111
0 0.547266 0.200694 0.064844 0.101389
0 0.499219 0.207639 0.059375 0.084722
0 0.555859 0.242361 0.071094 0.120833
0 0.407422 0.195139 0.049219 0.081944
0 0.193359 0.203472 0.055469 0.084722
0 0.168359 0.222917 0.071094 0.090278
0 0.153125 0.288194 0.084375 0.123611
0 0.198437 0.389583 0.145313 0.218056
0 0.226953 0.259028 0.080469 0.115278
0 0.258594 0.222222 0.050000 0.077778
0 0.300391 0.270139 0.086719 0.143056
0 0.344531 0.257639 0.076563 0.131944
0 0.499219 0.321528 0.103125 0.170833
0 0.650000 0.263194 0.081250 0.137500
0 0.741797 0.264583 0.080469 0.151389
0 0.063672 0.211806 0.057031 0.084722
0 0.064844 0.398611 0.126563 0.247222
0 0.057031 0.436806 0.114063 0.284722
