0 0.640234 0.123611 0.016406 0.025000
0 0.645312 0.164583 0.032812 0.059722
0 0.622656 0.194444 0.051562 0.091667
0 0.595312 0.197222 0.051562 0.097222
0 0.547656 0.209722 0.048437 0.111111
0 0.559766 0.244444 0.072656 0.125000
0 0.500391 0.210417 0.053906 0.098611
0 0.499219 0.324306 0.103125 0.184722
0 0.408984 0.193056 0.046094 0.086111
0 0.339063 0.261806 0.073437 0.140278
0 0.303906 0.270139 0.082813 0.134722
0 0.254687 0.229861 0.059375 0.120833
0 0.227344 0.256250 0.076563 0.129167
0 0.171484 0.194444 0.050781 0.066667
0 0.196094 0.198611 0.046875 0.075000
0 0.164453 0.221528 0.061719 0.079167
0 0.157422 0.289583 0.091406 0.134722
0 0.196484 0.386806 0.147656 0.223611
0 0.061719 0.384028 0.121875 0.251389
0 0.058203 0.427778 0.116406 0.269444
0 0.066797 0.210417 0.055469 0.098611
0 0.654688 0.273611 0.084375 0.141667
0 0.743359 0.267361 0.088281 0.137500
0 0.859375 0.168750 0.042188 0.068056
0 0.790625 0.514583 0.206250 0.354167
0 0.877734 0.282639 0.099219 0.162500
0 0.926953 0.420139 0.142969 0.281944
