0 0.877344 0.172222 0.042188 0.072222
0 0.897266 0.288194 0.099219 0.154167
0 0.935938 0.420833 0.125000 0.272222
0 0.810938 0.514583 0.209375 0.354167
0 0.760547 0.265278 0.083594 0.133333
0 0.671875 0.265972 0.090625 0.143056
0 0.658594 0.122222 0.020312 0.038889
0 0.660156 0.163889 0.029687 0.058333
0 0.639453 0.193056 0.047656 0.086111
0 0.608594 0.197222 0.051562 0.077778
0 0.572266 0.243056 0.071094 0.119444
0 0.561719 0.197917 0.053125 0.087500
0 0.516016 0.209722 0.049219 0.091667
0 0.517578 0.322222 0.102344 0.169444
0 0.426953 0.188194 0.044531 0.079167
0 0.358594 0.262500 0.071875 0.130556
0 0.321875 0.269444 0.081250 0.125000
0 0.270312 0.230556 0.064062 0.105556
0 0.250781 0.261806 0.071875 0.120833
0 0.219141 0.202778 0.049219 0.077778
0 0.187891 0.218750 0.066406 0.079167
0 0.180859 0.287500 0.086719 0.138889
0 0.220703 0.398611 0.138281 0.227778
0 0.078125 0.398611 0.142188 0.238889
0 0.067578 0.438194 0.135156 0.281944
0 0.088672 0.211806 0.055469 0.093056
