0 0.898828 0.171528 0.042969 0.081944
0 0.917969 0.287500 0.112500 0.172222
0 0.948828 0.438889 0.099219 0.300000
0 0.833203 0.530556 0.210156 0.361111
0 0.781641 0.268056 0.083594 0.138889
0 0.688281 0.269444 0.085938 0.144444
0 0.673437 0.118750 0.023438 0.031944
0 0.677734 0.165972 0.027344 0.062500
0 0.659375 0.186806 0.045313 0.076389
0 0.630078 0.202083 0.052344 0.087500
0 0.579297 0.204861 0.061719 0.093056
0 0.592969 0.245833 0.071875 0.144444
0 0.537891 0.202778 0.053906 0.083333
0 0.536719 0.327083 0.104687 0.173611
0 0.444922 0.190278 0.046094 0.088889
0 0.380469 0.262500 0.070312 0.122222
0 0.344141 0.274306 0.078906 0.140278
0 0.289453 0.225000 0.058594 0.091667
0 0.270703 0.272222 0.082031 0.138889
0 0.207422 0.298611 0.088281 0.141667
0 0.243359 0.395139 0.141406 0.229167
0 0.105469 0.391667 0.134375 0.213889
0 0.078125 0.439583 0.156250 0.281944
0 0.105078 0.215278 0.055469 0.111111
0 0.207813 0.221528 0.070312 0.084722
0 0.237891 0.186111 0.049219 0.063889
