0 0.897266 0.177778 0.044531 0.075000
0 0.920313 0.284028 0.101562 0.151389
0 0.947266 0.438194 0.102344 0.287500
0 0.835938 0.527778 0.210938 0.352778
0 0.781641 0.272222 0.088281 0.147222
0 0.688281 0.269444 0.081250 0.144444
0 0.675000 0.125000 0.021875 0.033333
0 0.678125 0.168750 0.032812 0.048611
0 0.660156 0.187500 0.051562 0.066667
0 0.632812 0.202778 0.056250 0.094444
0 0.581250 0.192361 0.056250 0.084722
0 0.540234 0.200000 0.053906 0.083333
0 0.591797 0.250694 0.072656 0.115278
0 0.539844 0.327083 0.103125 0.181944
0 0.446094 0.187500 0.042188 0.075000
0 0.376172 0.266667 0.075781 0.130556
0 0.341016 0.272917 0.086719 0.137500
0 0.275391 0.259722 0.080469 0.125000
0 0.289453 0.220139 0.053906 0.081944
0 0.219531 0.199306 0.079687 0.090278
0 0.207813 0.229861 0.062500 0.081944
0 0.203906 0.290972 0.089062 0.140278
0 0.247656 0.396528 0.137500 0.237500
0 0.100781 0.388194 0.146875 0.240278
0 0.076953 0.433333 0.150781 0.263889
0 0.107422 0.202083 0.052344 0.084722
