0 0.914844 0.170833 0.043750 0.072222
0 0.939453 0.293056 0.107031 0.155556
0 0.954297 0.450694 0.088281 0.306944
0 0.855859 0.527778 0.210156 0.355556
0 0.800391 0.276389 0.089844 0.150000
0 0.709375 0.271528 0.081250 0.145833
0 0.693750 0.124306 0.015625 0.034722
0 0.696094 0.161806 0.031250 0.062500
0 0.674219 0.191667 0.048437 0.086111
0 0.646094 0.199306 0.051562 0.090278
0 0.600000 0.204167 0.062500 0.100000
0 0.613672 0.252083 0.077344 0.120833
0 0.553125 0.322222 0.101562 0.183333
0 0.553516 0.209722 0.052344 0.100000
0 0.458984 0.202083 0.047656 0.084722
0 0.360156 0.271528 0.075000 0.137500
0 0.396484 0.261111 0.072656 0.133333
0 0.297266 0.265278 0.082031 0.125000
0 0.313672 0.247917 0.071094 0.131944
0 0.241016 0.202083 0.086719 0.087500
0 0.233984 0.221528 0.078906 0.079167
0 0.227734 0.300694 0.091406 0.159722
0 0.267578 0.392361 0.135156 0.226389
0 0.137891 0.392361 0.128906 0.234722
0 0.099219 0.433333 0.159375 0.272222
0 0.041016 0.411111 0.082031 0.236111
0 0.027344 0.326389 0.054688 0.191667
0 0.130469 0.210417 0.057813 0.090278
