0 0.706250 0.122917 0.014062 0.031944
0 0.716406 0.164583 0.034375 0.056944
0 0.695312 0.189583 0.045313 0.076389
0 0.667188 0.201389 0.053125 0.080556
0 0.632422 0.244444 0.075781 0.119444
0 0.619141 0.204167 0.061719 0.091667
0 0.571875 0.207639 0.054688 0.087500
0 0.573828 0.327778 0.100781 0.172222
0 0.482031 0.195833 0.045313 0.083333
0 0.384375 0.274306 0.078125 0.140278
0 0.417188 0.273611 0.068750 0.141667
0 0.340625 0.231250 0.076563 0.106944
0 0.316406 0.255556 0.081250 0.122222
0 0.294141 0.394444 0.132031 0.227778
0 0.245312 0.288889 0.082813 0.141667
0 0.256250 0.228472 0.073437 0.098611
0 0.151172 0.203472 0.053906 0.087500
0 0.161719 0.381944 0.126563 0.216667
0 0.128125 0.428472 0.162500 0.254167
0 0.053125 0.421528 0.106250 0.248611
0 0.042578 0.349306 0.085156 0.245833
0 0.728906 0.266667 0.087500 0.130556
0 0.817578 0.279167 0.085156 0.150000
0 0.937500 0.172917 0.046875 0.076389
0 0.951563 0.303472 0.093750 0.170833
0 0.967188 0.452778 0.062500 0.283333
0 0.873438 0.538889 0.212500 0.369444
