0 0.877734 0.532639 0.210156 0.343056
0 0.968750 0.439583 0.059375 0.273611
0 0.952344 0.283333 0.092188 0.144444
0 0.936328 0.173611 0.053906 0.077778
0 0.819922 0.277083 0.091406 0.148611
0 0.726172 0.274306 0.085156 0.143056
0 0.707812 0.124306 0.018750 0.034722
0 0.715234 0.163194 0.036719 0.062500
0 0.695312 0.193750 0.045313 0.087500
0 0.667578 0.199306 0.057031 0.090278
0 0.632031 0.252083 0.070312 0.118056
0 0.623438 0.203472 0.064062 0.109722
0 0.571484 0.211806 0.057031 0.093056
0 0.576563 0.329167 0.104687 0.169444
0 0.477344 0.194444 0.051562 0.080556
0 0.417578 0.265278 0.072656 0.133333
0 0.385156 0.276389 0.087500 0.136111
0 0.330078 0.221528 0.060156 0.098611
0 0.312109 0.259028 0.077344 0.123611
0 0.248828 0.230556 0.074219 0.094444
0 0.252734 0.295833 0.099219 0.150000
0 0.291016 0.393056 0.127344 0.219444
0 0.262109 0.188194 0.071094 0.079167
0 0.151562 0.207639 0.054688 0.093056
0 0.161719 0.385417 0.137500 0.220833
0 0.127344 0.426389 0.162500 0.250000
0 0.047656 0.413194 0.095312 0.240278
0 0.037500 0.338889 0.075000 0.216667
