0 0.742188 0.122917 0.026563 0.034722
0 0.752344 0.166667 0.029687 0.063889
0 0.731641 0.188889 0.044531 0.086111
0 0.701563 0.200000 0.050000 0.083333
0 0.652344 0.199306 0.056250 0.095833
0 0.669141 0.249306 0.071094 0.129167
0 0.609375 0.209028 0.059375 0.098611
0 0.612891 0.329861 0.102344 0.176389
0 0.515234 0.192361 0.042969 0.087500
0 0.457031 0.262500 0.070312 0.122222
0 0.424219 0.273611 0.076563 0.141667
0 0.368359 0.231250 0.067969 0.126389
0 0.350781 0.260417 0.075000 0.126389
0 0.295312 0.218750 0.070312 0.098611
0 0.291797 0.286111 0.085156 0.136111
0 0.337109 0.389583 0.127344 0.209722
0 0.305078 0.183333 0.060156 0.069444
0 0.194922 0.203472 0.049219 0.095833
0 0.214062 0.377778 0.117188 0.216667
0 0.176563 0.422917 0.145313 0.237500
0 0.068359 0.400694 0.130469 0.215278
0 0.068750 0.307639 0.103125 0.165278
0 0.767187 0.275694 0.085938 0.143056
0 0.858203 0.278472 0.086719 0.143056
0 0.976562 0.180556 0.043750 0.072222
0 0.973828 0.301389 0.049219 0.166667
0 0.903906 0.537500 0.189063 0.375000
