0 0.764063 0.122917 0.020312 0.023611
0 0.771484 0.165972 0.027344 0.051389
0 0.752734 0.192361 0.047656 0.076389
0 0.721484 0.205556 0.053906 0.083333
0 0.674609 0.204861 0.053906 0.101389
0 0.687500 0.255556 0.073437 0.113889
0 0.627344 0.210417 0.060938 0.098611
0 0.630859 0.336111 0.105469 0.172222
0 0.533984 0.193750 0.046094 0.068056
0 0.476172 0.263194 0.067969 0.129167
0 0.439844 0.269444 0.075000 0.133333
0 0.391406 0.224306 0.059375 0.093056
0 0.371094 0.257639 0.071875 0.112500
0 0.310156 0.288889 0.089062 0.141667
0 0.357422 0.389583 0.124219 0.209722
0 0.313281 0.214583 0.070312 0.079167
0 0.304297 0.171528 0.035156 0.045833
0 0.341406 0.179167 0.034375 0.050000
0 0.215234 0.211111 0.060156 0.086111
0 0.232812 0.375000 0.120312 0.202778
0 0.203125 0.420833 0.146875 0.233333
0 0.097656 0.399306 0.134375 0.237500
0 0.088281 0.295833 0.098438 0.141667
0 0.784766 0.278472 0.086719 0.143056
0 0.876172 0.281250 0.088281 0.156944
0 0.910937 0.543750 0.175000 0.348611
0 0.983594 0.301389 0.029687 0.147222
0 0.986328 0.176389 0.024219 0.083333
