0 0.782812 0.125000 0.020312 0.047222
0 0.789062 0.167361 0.034375 0.054167
0 0.773438 0.194444 0.046875 0.080556
0 0.742188 0.204861 0.057813 0.081944
0 0.705469 0.252778 0.073437 0.122222
0 0.690625 0.209722 0.059375 0.108333
0 0.644141 0.214583 0.052344 0.090278
0 0.550000 0.194444 0.051562 0.072222
0 0.494531 0.262500 0.075000 0.130556
0 0.460156 0.275000 0.082813 0.133333
0 0.405469 0.227083 0.057813 0.095833
0 0.387891 0.256250 0.082031 0.115278
0 0.329688 0.234722 0.060938 0.100000
0 0.354297 0.201389 0.047656 0.100000
0 0.320703 0.188194 0.041406 0.056944
0 0.331641 0.292361 0.088281 0.143056
0 0.375000 0.384722 0.126563 0.208333
0 0.254687 0.377083 0.125000 0.198611
0 0.226562 0.412500 0.145313 0.238889
0 0.119922 0.396528 0.130469 0.226389
0 0.116016 0.296528 0.094531 0.148611
0 0.233984 0.204861 0.050781 0.090278
0 0.020312 0.286111 0.040625 0.141667
0 0.651563 0.331944 0.106250 0.183333
0 0.800781 0.281944 0.081250 0.150000
0 0.896094 0.282639 0.087500 0.143056
0 0.920313 0.554167 0.156250 0.347222
