0 0.796094 0.127778 0.017188 0.033333
0 0.803906 0.168750 0.039062 0.056944
0 0.785547 0.200000 0.044531 0.080556
0 0.755469 0.198611 0.048437 0.094444
0 0.702344 0.204861 0.059375 0.093056
0 0.719141 0.252083 0.077344 0.120833
0 0.659375 0.213889 0.059375 0.100000
0 0.667188 0.332639 0.096875 0.173611
0 0.818750 0.281250 0.089062 0.137500
0 0.916016 0.283333 0.092969 0.141667
0 0.930859 0.560417 0.135156 0.368056
0 0.565234 0.197917 0.046094 0.093056
0 0.478125 0.278472 0.079687 0.131944
0 0.502344 0.265278 0.076563 0.133333
0 0.404297 0.265278 0.072656 0.125000
0 0.422656 0.230556 0.051562 0.094444
0 0.340234 0.227083 0.060156 0.095833
0 0.373047 0.195833 0.052344 0.063889
0 0.343750 0.195139 0.043750 0.079167
0 0.394141 0.390278 0.119531 0.211111
0 0.343359 0.295833 0.080469 0.122222
0 0.244922 0.414583 0.142969 0.234722
0 0.270312 0.382639 0.123438 0.204167
0 0.250391 0.202083 0.052344 0.095833
0 0.138672 0.401389 0.124219 0.225000
0 0.133594 0.295139 0.089062 0.148611
0 0.033203 0.281944 0.066406 0.147222
