0 0.937500 0.565278 0.121875 0.372222
0 0.680078 0.340278 0.100781 0.180556
0 0.739062 0.256250 0.075000 0.123611
0 0.676562 0.214583 0.051562 0.093056
0 0.724609 0.205556 0.055469 0.091667
0 0.771484 0.205556 0.042969 0.088889
0 0.795703 0.200694 0.049219 0.073611
0 0.822266 0.171528 0.035156 0.059722
0 0.811719 0.135417 0.018750 0.037500
0 0.838281 0.286111 0.084375 0.150000
0 0.933594 0.295833 0.101562 0.161111
0 0.581641 0.196528 0.044531 0.076389
0 0.526563 0.265278 0.068750 0.125000
0 0.493359 0.276389 0.072656 0.138889
0 0.437109 0.223611 0.060156 0.100000
0 0.425781 0.264583 0.073437 0.123611
0 0.365234 0.228472 0.064844 0.098611
0 0.358203 0.190278 0.039844 0.052778
0 0.387500 0.188194 0.035937 0.054167
0 0.367188 0.298611 0.081250 0.136111
0 0.411719 0.394444 0.117188 0.211111
0 0.288281 0.386806 0.126563 0.223611
0 0.263672 0.418056 0.138281 0.230556
0 0.159375 0.395139 0.126563 0.220833
0 0.155469 0.293750 0.093750 0.145833
0 0.267188 0.200694 0.048437 0.081944
0 0.040625 0.274306 0.081250 0.131944
0 0.014844 0.415972 0.029687 0.176389
