0 0.816016 0.128472 0.019531 0.034722
0 0.823438 0.171528 0.032812 0.059722
0 0.804688 0.195139 0.043750 0.070833
0 0.776172 0.211806 0.057031 0.093056
0 0.738281 0.261806 0.078125 0.109722
0 0.721875 0.205556 0.056250 0.088889
0 0.677344 0.212500 0.065625 0.097222
0 0.682813 0.334028 0.103125 0.176389
0 0.586328 0.189583 0.047656 0.070833
0 0.835547 0.287500 0.089844 0.152778
0 0.932031 0.295139 0.093750 0.148611
0 0.937891 0.565278 0.121094 0.355556
0 0.527734 0.265278 0.063281 0.113889
0 0.491797 0.274306 0.075781 0.126389
0 0.441406 0.216667 0.057813 0.086111
0 0.421875 0.266667 0.070312 0.111111
0 0.364844 0.302778 0.092188 0.152778
0 0.366797 0.238194 0.064844 0.098611
0 0.363672 0.184028 0.046094 0.056944
0 0.391797 0.181250 0.041406 0.040278
0 0.413672 0.393750 0.124219 0.209722
0 0.287891 0.370833 0.114844 0.200000
0 0.264062 0.417361 0.137500 0.231944
0 0.155859 0.403472 0.125781 0.229167
0 0.153516 0.293056 0.092969 0.141667
0 0.265625 0.207639 0.059375 0.087500
0 0.041797 0.283333 0.083594 0.141667
