0 0.832422 0.133333 0.025781 0.030556
0 0.839844 0.167361 0.040625 0.051389
0 0.817578 0.202778 0.047656 0.069444
0 0.790234 0.209722 0.053906 0.083333
0 0.741016 0.216667 0.061719 0.094444
0 0.694141 0.220833 0.053906 0.094444
0 0.750781 0.264583 0.078125 0.123611
0 0.698047 0.342361 0.100781 0.168056
0 0.594922 0.198611 0.041406 0.075000
0 0.544922 0.265972 0.064844 0.123611
0 0.505859 0.283333 0.075781 0.141667
0 0.458594 0.237500 0.059375 0.111111
0 0.440234 0.265972 0.071094 0.129167
0 0.425781 0.392361 0.117188 0.204167
0 0.381250 0.295139 0.075000 0.137500
0 0.378125 0.234028 0.059375 0.098611
0 0.405469 0.196528 0.039062 0.076389
0 0.371875 0.195139 0.035937 0.070833
0 0.285547 0.209028 0.046094 0.081944
0 0.310937 0.368750 0.112500 0.187500
0 0.278125 0.412500 0.134375 0.247222
0 0.179297 0.397917 0.119531 0.220833
0 0.173438 0.292361 0.090625 0.134722
0 0.056250 0.277778 0.084375 0.119444
0 0.021094 0.402083 0.042188 0.215278
0 0.853906 0.284722 0.089062 0.133333
0 0.948438 0.299306 0.087500 0.154167
0 0.944531 0.575694 0.107813 0.362500
