0 0.950781 0.580556 0.095312 0.366667
0 0.958984 0.312500 0.078906 0.163889
0 0.865234 0.300694 0.089844 0.145833
0 0.851172 0.132639 0.022656 0.034722
0 0.854688 0.176389 0.040625 0.044444
0 0.833203 0.206250 0.050781 0.076389
0 0.807422 0.211806 0.055469 0.093056
0 0.769922 0.268750 0.072656 0.134722
0 0.712500 0.342361 0.101562 0.162500
0 0.753125 0.211111 0.054688 0.094444
0 0.708984 0.213194 0.057031 0.090278
0 0.614062 0.195139 0.040625 0.073611
0 0.553125 0.271528 0.062500 0.120833
0 0.521875 0.279861 0.070312 0.129167
0 0.471875 0.229167 0.057813 0.091667
0 0.453906 0.270139 0.075000 0.123611
0 0.398828 0.295833 0.078906 0.136111
0 0.395312 0.218056 0.056250 0.066667
0 0.387500 0.186806 0.029687 0.056944
0 0.418750 0.195833 0.037500 0.069444
0 0.442969 0.395833 0.118750 0.205556
0 0.322656 0.382639 0.115625 0.215278
0 0.292578 0.428472 0.135156 0.240278
0 0.191406 0.399306 0.121875 0.229167
0 0.189063 0.294444 0.085938 0.144444
0 0.301172 0.209028 0.055469 0.081944
0 0.076953 0.272222 0.086719 0.138889
0 0.034766 0.401389 0.069531 0.227778
