0 0.849609 0.134028 0.022656 0.034722
0 0.855469 0.173611 0.031250 0.058333
0 0.834375 0.201389 0.040625 0.080556
0 0.804297 0.215278 0.058594 0.091667
0 0.766016 0.274306 0.075781 0.131944
0 0.755469 0.216667 0.053125 0.094444
0 0.709375 0.220833 0.054688 0.086111
0 0.610156 0.198611 0.046875 0.077778
0 0.712109 0.350694 0.102344 0.179167
0 0.869531 0.294444 0.089062 0.152778
0 0.956641 0.302778 0.083594 0.169444
0 0.950781 0.575694 0.095312 0.351389
0 0.553125 0.269444 0.065625 0.125000
0 0.521484 0.277778 0.075781 0.138889
0 0.468750 0.225694 0.051562 0.084722
0 0.453516 0.268056 0.071094 0.119444
0 0.443750 0.397917 0.115625 0.209722
0 0.395703 0.296528 0.077344 0.137500
0 0.396875 0.219444 0.059375 0.083333
0 0.418750 0.195139 0.037500 0.070833
0 0.386328 0.190972 0.033594 0.062500
0 0.321875 0.381944 0.114063 0.202778
0 0.294531 0.425000 0.140625 0.222222
0 0.196484 0.397917 0.116406 0.215278
0 0.188672 0.288194 0.089844 0.131944
0 0.301953 0.206944 0.046094 0.086111
0 0.078906 0.277778 0.081250 0.125000
0 0.033594 0.411806 0.067188 0.248611
