0 0.883984 0.134028 0.019531 0.037500
0 0.890234 0.173611 0.032031 0.061111
0 0.867188 0.207639 0.043750 0.081944
0 0.836328 0.217361 0.050781 0.098611
0 0.800000 0.276389 0.076563 0.125000
0 0.783203 0.219444 0.060156 0.097222
0 0.736719 0.220833 0.051562 0.088889
0 0.641797 0.198611 0.047656 0.075000
0 0.740234 0.349306 0.102344 0.173611
0 0.899219 0.306944 0.092188 0.152778
0 0.975391 0.311806 0.049219 0.168056
0 0.966797 0.594444 0.066406 0.319444
0 0.048437 0.395139 0.096875 0.220833
0 0.112891 0.279167 0.074219 0.130556
0 0.221484 0.280556 0.089844 0.122222
0 0.230078 0.395139 0.121094 0.215278
0 0.325000 0.420833 0.134375 0.238889
0 0.350391 0.377778 0.117969 0.194444
0 0.468359 0.403472 0.116406 0.209722
0 0.331250 0.202778 0.051562 0.075000
0 0.421875 0.188889 0.045313 0.063889
0 0.444922 0.196528 0.046094 0.073611
0 0.424609 0.231944 0.058594 0.086111
0 0.426953 0.295833 0.083594 0.130556
0 0.483594 0.270833 0.070312 0.119444
0 0.499219 0.222917 0.056250 0.084722
0 0.549219 0.285417 0.081250 0.134722
0 0.583594 0.270139 0.067188 0.120833
