0 0.897656 0.138194 0.020312 0.037500
0 0.903906 0.179861 0.040625 0.065278
0 0.880859 0.209028 0.046094 0.084722
0 0.850391 0.224306 0.052344 0.095833
0 0.814453 0.275000 0.071094 0.125000
0 0.799219 0.219444 0.057813 0.097222
0 0.750781 0.225694 0.053125 0.090278
0 0.657031 0.202778 0.043750 0.077778
0 0.754297 0.359028 0.105469 0.181944
0 0.916797 0.306944 0.092969 0.152778
0 0.982813 0.315972 0.034375 0.137500
0 0.973437 0.603472 0.053125 0.304167
0 0.056641 0.394444 0.113281 0.211111
0 0.129297 0.276389 0.077344 0.125000
0 0.241797 0.294444 0.082031 0.147222
0 0.244922 0.395139 0.119531 0.209722
0 0.338281 0.427083 0.131250 0.234722
0 0.362500 0.390972 0.115625 0.206944
0 0.480469 0.401389 0.121875 0.200000
0 0.350391 0.198611 0.050781 0.083333
0 0.432031 0.189583 0.040625 0.068056
0 0.459766 0.194444 0.042969 0.075000
0 0.439844 0.229167 0.057813 0.080556
0 0.439063 0.295833 0.081250 0.130556
0 0.498437 0.268750 0.071875 0.115278
0 0.512109 0.219444 0.050781 0.075000
0 0.562500 0.285417 0.076563 0.134722
0 0.596094 0.269444 0.071875 0.116667
