0 0.973437 0.609028 0.053125 0.315278
0 0.914844 0.308333 0.092188 0.152778
0 0.983984 0.318056 0.032031 0.152778
0 0.754687 0.353472 0.103125 0.170833
0 0.812109 0.269444 0.071094 0.122222
0 0.755859 0.227083 0.057031 0.095833
0 0.801172 0.220833 0.057031 0.100000
0 0.852344 0.219444 0.050000 0.091667
0 0.885547 0.211806 0.049219 0.081944
0 0.908594 0.178472 0.040625 0.070833
0 0.901172 0.136806 0.017969 0.034722
0 0.655469 0.199306 0.045313 0.079167
0 0.059766 0.402778 0.119531 0.213889
0 0.126563 0.277083 0.073437 0.126389
0 0.241406 0.289583 0.084375 0.134722
0 0.248437 0.395139 0.123438 0.206944
0 0.341016 0.422222 0.130469 0.222222
0 0.365234 0.382639 0.110156 0.187500
0 0.482422 0.404167 0.117969 0.211111
0 0.346484 0.202778 0.044531 0.075000
0 0.433984 0.187500 0.032031 0.066667
0 0.462109 0.194444 0.041406 0.066667
0 0.438672 0.225694 0.055469 0.079167
0 0.437891 0.300694 0.080469 0.129167
0 0.498047 0.266667 0.069531 0.116667
0 0.510938 0.220833 0.054688 0.091667
0 0.562500 0.284028 0.075000 0.131944
0 0.596875 0.279861 0.067188 0.129167
