0 0.670313 0.200694 0.046875 0.079167
0 0.766797 0.227778 0.052344 0.097222
0 0.816406 0.218056 0.060938 0.091667
0 0.828125 0.275000 0.075000 0.133333
0 0.866016 0.223611 0.050781 0.094444
0 0.895703 0.211111 0.046094 0.080556
0 0.921875 0.184028 0.031250 0.070833
0 0.919531 0.140278 0.025000 0.044444
0 0.929297 0.309028 0.089844 0.151389
0 0.991797 0.326389 0.016406 0.138889
0 0.767187 0.361111 0.104687 0.177778
0 0.979297 0.609028 0.041406 0.284722
0 0.495703 0.404167 0.122656 0.208333
0 0.376563 0.384722 0.115625 0.188889
0 0.355469 0.420139 0.129688 0.234722
0 0.258984 0.393750 0.116406 0.215278
0 0.255469 0.288889 0.085938 0.136111
0 0.146484 0.273611 0.078906 0.127778
0 0.066016 0.395833 0.132031 0.216667
0 0.041797 0.378472 0.083594 0.215278
0 0.025391 0.320833 0.050781 0.200000
0 0.361719 0.206250 0.046875 0.079167
0 0.450000 0.192361 0.039062 0.062500
0 0.476562 0.195139 0.043750 0.079167
0 0.452734 0.229167 0.058594 0.080556
0 0.452344 0.286806 0.079687 0.115278
0 0.510156 0.264583 0.068750 0.120833
0 0.524219 0.225694 0.054688 0.087500
0 0.577734 0.286806 0.080469 0.131944
0 0.610547 0.277778 0.069531 0.127778
