0 0.919531 0.138194 0.021875 0.034722
0 0.921094 0.183333 0.035937 0.063889
0 0.900391 0.211806 0.047656 0.081944
0 0.864844 0.219444 0.053125 0.086111
0 0.825391 0.273611 0.077344 0.119444
0 0.814844 0.222222 0.057813 0.111111
0 0.766406 0.225000 0.050000 0.088889
0 0.767187 0.356944 0.101562 0.183333
0 0.928906 0.317361 0.089062 0.154167
0 0.979297 0.619444 0.041406 0.297222
0 0.990234 0.324306 0.019531 0.123611
0 0.670313 0.202083 0.046875 0.087500
0 0.021484 0.322222 0.042969 0.202778
0 0.036719 0.376389 0.073437 0.202778
0 0.066016 0.392361 0.125781 0.209722
0 0.144531 0.275000 0.081250 0.130556
0 0.254297 0.284028 0.082031 0.118056
0 0.259766 0.395833 0.121094 0.205556
0 0.353516 0.413889 0.133594 0.211111
0 0.380859 0.393056 0.116406 0.205556
0 0.495313 0.409028 0.117188 0.209722
0 0.362891 0.200000 0.049219 0.080556
0 0.444141 0.189583 0.036719 0.062500
0 0.473828 0.197917 0.042969 0.073611
0 0.453516 0.230556 0.055469 0.083333
0 0.451172 0.297917 0.083594 0.123611
0 0.510938 0.263194 0.065625 0.115278
0 0.521875 0.225694 0.057813 0.093056
0 0.574219 0.284028 0.085938 0.137500
0 0.610156 0.274306 0.064062 0.129167
