0 0.951563 0.143056 0.021875 0.044444
0 0.955469 0.184722 0.039062 0.069444
0 0.926172 0.215972 0.050781 0.084722
0 0.896094 0.225000 0.056250 0.091667
0 0.956641 0.318056 0.086719 0.161111
0 0.857031 0.281250 0.075000 0.131944
0 0.845703 0.222222 0.060156 0.086111
0 0.793359 0.230556 0.055469 0.100000
0 0.793750 0.365278 0.106250 0.175000
0 0.699219 0.202778 0.045313 0.077778
0 0.038672 0.297222 0.077344 0.163889
0 0.053125 0.372222 0.106250 0.200000
0 0.094141 0.390972 0.127344 0.204167
0 0.175000 0.270139 0.075000 0.126389
0 0.282813 0.289583 0.082813 0.134722
0 0.288672 0.390972 0.119531 0.195833
0 0.379297 0.426389 0.130469 0.225000
0 0.405859 0.387500 0.110156 0.197222
0 0.519922 0.408333 0.117969 0.208333
0 0.388672 0.200000 0.047656 0.083333
0 0.475000 0.189583 0.040625 0.070833
0 0.497656 0.193750 0.043750 0.073611
0 0.478125 0.227083 0.056250 0.081944
0 0.476172 0.300694 0.077344 0.129167
0 0.536719 0.270833 0.073437 0.113889
0 0.550781 0.232639 0.054688 0.095833
0 0.600000 0.286806 0.073437 0.129167
0 0.635547 0.279861 0.078906 0.129167
