0 0.700781 0.207639 0.046875 0.079167
0 0.792578 0.363194 0.103906 0.179167
0 0.856641 0.281944 0.075781 0.127778
0 0.956250 0.320139 0.087500 0.148611
0 0.794531 0.227778 0.054688 0.097222
0 0.845312 0.225694 0.060938 0.101389
0 0.898438 0.222222 0.056250 0.088889
0 0.927734 0.215972 0.047656 0.087500
0 0.954687 0.186806 0.042188 0.068056
0 0.950391 0.140278 0.022656 0.036111
0 0.039453 0.287500 0.078906 0.152778
0 0.051953 0.366667 0.102344 0.188889
0 0.095312 0.389583 0.128125 0.218056
0 0.177344 0.271528 0.078125 0.126389
0 0.283594 0.287500 0.081250 0.133333
0 0.290625 0.400000 0.121875 0.200000
0 0.378125 0.418750 0.131250 0.212500
0 0.406250 0.380556 0.112500 0.183333
0 0.521484 0.413889 0.114844 0.216667
0 0.390234 0.197917 0.046094 0.076389
0 0.476172 0.188194 0.041406 0.065278
0 0.501953 0.199306 0.039844 0.073611
0 0.479688 0.229861 0.056250 0.084722
0 0.476562 0.294444 0.076563 0.127778
0 0.535156 0.267361 0.068750 0.109722
0 0.553125 0.229167 0.054688 0.091667
0 0.601953 0.288889 0.077344 0.130556
0 0.636328 0.278472 0.072656 0.129167
