0 0.966406 0.143750 0.023438 0.043056
0 0.971484 0.188194 0.039844 0.065278
0 0.945703 0.219444 0.052344 0.083333
0 0.909375 0.229861 0.056250 0.098611
0 0.870313 0.279861 0.075000 0.129167
0 0.859766 0.224306 0.057031 0.093056
0 0.810938 0.233333 0.057813 0.102778
0 0.808984 0.369444 0.105469 0.175000
0 0.962891 0.327083 0.074219 0.162500
0 0.712500 0.202083 0.046875 0.076389
0 0.046484 0.276389 0.083594 0.133333
0 0.060156 0.368056 0.104687 0.205556
0 0.112891 0.390972 0.127344 0.212500
0 0.191016 0.272917 0.074219 0.129167
0 0.298438 0.289583 0.079687 0.131944
0 0.306641 0.395833 0.125781 0.211111
0 0.392188 0.417361 0.131250 0.218056
0 0.420312 0.384028 0.110937 0.187500
0 0.534766 0.406250 0.116406 0.195833
0 0.403125 0.203472 0.048437 0.081944
0 0.487109 0.190972 0.035156 0.065278
0 0.514453 0.193750 0.044531 0.068056
0 0.490625 0.227778 0.054688 0.080556
0 0.489453 0.301389 0.077344 0.138889
0 0.550781 0.265972 0.070312 0.115278
0 0.564844 0.224306 0.054688 0.084722
0 0.615625 0.283333 0.081250 0.133333
0 0.649219 0.282639 0.079687 0.126389
