0 0.557422 0.399306 0.121094 0.193056
0 0.442578 0.384028 0.111719 0.195833
0 0.420312 0.411111 0.128125 0.213889
0 0.332422 0.386111 0.116406 0.197222
0 0.323828 0.284722 0.080469 0.127778
0 0.221875 0.269444 0.075000 0.130556
0 0.146094 0.384028 0.120312 0.201389
0 0.098828 0.360417 0.107031 0.184722
0 0.082031 0.286806 0.085938 0.159722
0 0.428906 0.199306 0.043750 0.081944
0 0.512500 0.191667 0.039062 0.066667
0 0.540625 0.196528 0.043750 0.073611
0 0.517187 0.225000 0.060938 0.075000
0 0.519531 0.301389 0.082813 0.125000
0 0.578125 0.271528 0.070312 0.115278
0 0.594531 0.231250 0.054688 0.093056
0 0.645312 0.288194 0.079687 0.131944
0 0.677734 0.280556 0.069531 0.122222
0 0.739062 0.206944 0.043750 0.083333
0 0.836328 0.238889 0.057031 0.100000
0 0.884375 0.223611 0.060938 0.088889
0 0.898438 0.289583 0.081250 0.129167
0 0.942187 0.231250 0.059375 0.095833
0 0.973047 0.225000 0.053906 0.094444
0 0.977734 0.329167 0.044531 0.163889
0 0.834766 0.371528 0.105469 0.176389
