0 0.100000 0.282639 0.082813 0.145833
0 0.117578 0.358333 0.111719 0.188889
0 0.161719 0.377083 0.123438 0.201389
0 0.237891 0.264583 0.074219 0.118056
0 0.339063 0.281944 0.076563 0.122222
0 0.346094 0.391667 0.114063 0.200000
0 0.434375 0.418750 0.126563 0.218056
0 0.457812 0.386806 0.112500 0.193056
0 0.570703 0.404861 0.113281 0.206944
0 0.442969 0.200694 0.048437 0.090278
0 0.528516 0.191667 0.042969 0.075000
0 0.553516 0.191667 0.039844 0.077778
0 0.531641 0.231944 0.053906 0.091667
0 0.530469 0.294444 0.076563 0.122222
0 0.591406 0.269444 0.070312 0.111111
0 0.608203 0.227083 0.057031 0.090278
0 0.653906 0.290278 0.081250 0.133333
0 0.687891 0.275694 0.071094 0.112500
0 0.751562 0.209028 0.045313 0.084722
0 0.852344 0.238889 0.054688 0.097222
0 0.904688 0.231944 0.059375 0.105556
0 0.955078 0.235417 0.058594 0.106944
0 0.914453 0.292361 0.078906 0.131944
0 0.848437 0.371528 0.109375 0.173611
