0 0.038672 0.600000 0.077344 0.322222
0 0.194922 0.377778 0.114844 0.191667
0 0.147266 0.349306 0.102344 0.190278
0 0.130469 0.275000 0.081250 0.133333
0 0.264453 0.265278 0.071094 0.122222
0 0.366797 0.279167 0.077344 0.119444
0 0.374609 0.386111 0.114844 0.194444
0 0.462891 0.410417 0.127344 0.218056
0 0.487891 0.374306 0.105469 0.184722
0 0.600000 0.404861 0.120312 0.201389
0 0.469922 0.200694 0.044531 0.084722
0 0.555469 0.188889 0.039062 0.069444
0 0.580078 0.195139 0.044531 0.076389
0 0.557813 0.226389 0.053125 0.080556
0 0.557813 0.292361 0.084375 0.118056
0 0.616797 0.270833 0.074219 0.113889
0 0.630859 0.223611 0.053906 0.094444
0 0.684766 0.289583 0.080469 0.126389
0 0.718359 0.284722 0.069531 0.125000
0 0.779688 0.205556 0.043750 0.086111
0 0.880469 0.242361 0.053125 0.098611
0 0.932422 0.231250 0.057031 0.106944
0 0.981250 0.240278 0.037500 0.102778
0 0.944141 0.295833 0.082031 0.136111
0 0.876953 0.379167 0.108594 0.183333
