0 0.051953 0.580556 0.103906 0.363889
0 0.160547 0.263194 0.082031 0.115278
0 0.182031 0.343750 0.109375 0.173611
0 0.230469 0.365972 0.115625 0.195833
0 0.294141 0.258333 0.071094 0.116667
0 0.394922 0.275694 0.074219 0.126389
0 0.405469 0.380556 0.115625 0.197222
0 0.491797 0.414583 0.124219 0.223611
0 0.514453 0.379861 0.103906 0.195833
0 0.625391 0.402083 0.116406 0.206944
0 0.582812 0.308333 0.082813 0.150000
0 0.908203 0.377778 0.116406 0.177778
0 0.966406 0.302778 0.067188 0.133333
0 0.963281 0.240972 0.071875 0.104167
0 0.906641 0.245833 0.055469 0.091667
0 0.807422 0.211806 0.053906 0.084722
0 0.748438 0.280556 0.060938 0.116667
0 0.710156 0.294444 0.078125 0.136111
0 0.642578 0.269444 0.064844 0.113889
0 0.657812 0.225000 0.054688 0.091667
0 0.581250 0.224306 0.057813 0.084722
0 0.608594 0.204861 0.035937 0.084722
0 0.578906 0.195139 0.040625 0.081944
0 0.493359 0.195833 0.049219 0.088889
