0 0.051172 0.577083 0.102344 0.351389
0 0.161719 0.268056 0.082813 0.136111
0 0.181250 0.342361 0.100000 0.173611
0 0.229297 0.368056 0.117969 0.197222
0 0.404297 0.376389 0.114844 0.188889
0 0.492578 0.411806 0.122656 0.215278
0 0.513672 0.379167 0.107031 0.191667
0 0.628125 0.402083 0.115625 0.209722
0 0.394922 0.279861 0.077344 0.126389
0 0.295312 0.259722 0.067188 0.116667
0 0.495703 0.200694 0.047656 0.084722
0 0.585547 0.186806 0.042969 0.070833
0 0.606641 0.196528 0.044531 0.079167
0 0.585156 0.229861 0.054688 0.081944
0 0.585156 0.295139 0.079687 0.123611
0 0.644141 0.273611 0.069531 0.127778
0 0.658594 0.227083 0.056250 0.095833
0 0.709766 0.294444 0.078906 0.133333
0 0.747266 0.287500 0.067969 0.122222
0 0.808984 0.214583 0.047656 0.084722
0 0.910156 0.243056 0.060938 0.097222
0 0.961719 0.239583 0.064062 0.095833
0 0.966797 0.300000 0.066406 0.133333
0 0.906250 0.375694 0.112500 0.184722
