0 0.066406 0.565972 0.132812 0.368056
0 0.175391 0.256944 0.080469 0.116667
0 0.196094 0.338889 0.103125 0.177778
0 0.241016 0.371528 0.119531 0.201389
0 0.308594 0.256944 0.071875 0.125000
0 0.407813 0.272917 0.073437 0.123611
0 0.418750 0.387500 0.109375 0.208333
0 0.507031 0.410417 0.126563 0.212500
0 0.526953 0.379167 0.110156 0.188889
0 0.641797 0.402778 0.113281 0.208333
0 0.920313 0.383333 0.112500 0.183333
0 0.924219 0.243056 0.059375 0.097222
0 0.972656 0.246528 0.054688 0.109722
0 0.972656 0.304167 0.054688 0.138889
0 0.821094 0.212500 0.050000 0.083333
0 0.756641 0.290278 0.077344 0.138889
0 0.723828 0.293056 0.082031 0.136111
0 0.598047 0.295833 0.080469 0.130556
0 0.653906 0.278472 0.071875 0.129167
0 0.672656 0.236806 0.059375 0.101389
0 0.594141 0.231250 0.060156 0.084722
0 0.616797 0.206944 0.049219 0.088889
0 0.590234 0.192361 0.041406 0.076389
0 0.506250 0.202083 0.050000 0.076389
