0 0.073437 0.555556 0.146875 0.344444
0 0.653906 0.404167 0.117188 0.205556
0 0.541406 0.373611 0.104687 0.180556
0 0.519531 0.406944 0.118750 0.211111
0 0.431641 0.374306 0.116406 0.181944
0 0.422656 0.275694 0.079687 0.123611
0 0.323438 0.256944 0.067188 0.119444
0 0.259375 0.352083 0.110937 0.184722
0 0.212500 0.335417 0.101562 0.181944
0 0.193750 0.259722 0.078125 0.133333
0 0.931250 0.377083 0.118750 0.173611
0 0.977734 0.304861 0.044531 0.131944
0 0.979297 0.249306 0.041406 0.109722
0 0.936719 0.247222 0.062500 0.100000
0 0.835938 0.220139 0.053125 0.084722
0 0.771484 0.286806 0.071094 0.131944
0 0.735937 0.291667 0.076563 0.138889
0 0.610156 0.297917 0.079687 0.137500
0 0.668750 0.268750 0.071875 0.118056
0 0.683203 0.231250 0.055469 0.090278
0 0.605859 0.234722 0.063281 0.100000
0 0.635547 0.201389 0.044531 0.072222
0 0.607813 0.193056 0.046875 0.077778
0 0.522266 0.199306 0.053906 0.076389
