0 0.073047 0.556250 0.146094 0.351389
0 0.189844 0.257639 0.081250 0.137500
0 0.211328 0.334028 0.096094 0.179167
0 0.260547 0.356250 0.114844 0.190278
0 0.322266 0.255556 0.064844 0.125000
0 0.419141 0.273611 0.074219 0.122222
0 0.431641 0.369444 0.108594 0.188889
0 0.519141 0.406944 0.125781 0.205556
0 0.541797 0.380556 0.108594 0.197222
0 0.655859 0.405556 0.124219 0.202778
0 0.519531 0.197917 0.050000 0.081944
0 0.601562 0.190972 0.043750 0.070833
0 0.627734 0.202083 0.049219 0.076389
0 0.608594 0.228472 0.060938 0.084722
0 0.608203 0.292361 0.078906 0.123611
0 0.668750 0.261111 0.065625 0.111111
0 0.685156 0.228472 0.054688 0.098611
0 0.735937 0.292361 0.081250 0.137500
0 0.771484 0.286111 0.067969 0.125000
0 0.832422 0.219444 0.047656 0.075000
0 0.937109 0.244444 0.060156 0.102778
0 0.977734 0.231944 0.044531 0.119444
0 0.979688 0.302083 0.040625 0.129167
0 0.935547 0.382639 0.116406 0.181944
