0 0.089844 0.532639 0.179688 0.351389
0 0.221094 0.254167 0.084375 0.127778
0 0.238672 0.326389 0.091406 0.172222
0 0.287891 0.346528 0.110156 0.179167
0 0.346094 0.243056 0.071875 0.113889
0 0.446094 0.265972 0.078125 0.120833
0 0.459766 0.361111 0.108594 0.194444
0 0.542969 0.397222 0.120312 0.211111
0 0.567578 0.363889 0.107031 0.186111
0 0.679688 0.395833 0.115625 0.200000
0 0.542969 0.190972 0.045313 0.081944
0 0.628516 0.191667 0.041406 0.075000
0 0.656250 0.201389 0.043750 0.086111
0 0.633203 0.222917 0.055469 0.079167
0 0.636719 0.290278 0.076563 0.116667
0 0.695312 0.263889 0.065625 0.108333
0 0.707031 0.228472 0.060938 0.093056
0 0.760547 0.286806 0.080469 0.134722
0 0.797266 0.282639 0.072656 0.129167
0 0.858594 0.215972 0.051562 0.079167
0 0.963672 0.245139 0.061719 0.098611
0 0.952734 0.377083 0.094531 0.187500
