0 0.091406 0.536111 0.182812 0.338889
0 0.679297 0.393750 0.117969 0.209722
0 0.562500 0.365972 0.114063 0.195833
0 0.542188 0.396528 0.125000 0.209722
0 0.459766 0.370833 0.111719 0.197222
0 0.444922 0.269444 0.074219 0.127778
0 0.347656 0.247222 0.067188 0.119444
0 0.287500 0.350000 0.110937 0.186111
0 0.246875 0.331944 0.109375 0.183333
0 0.218750 0.246528 0.079687 0.131944
0 0.952344 0.381250 0.095312 0.187500
0 0.964453 0.243056 0.060156 0.088889
0 0.856641 0.211111 0.050781 0.080556
0 0.799219 0.284722 0.065625 0.133333
0 0.760547 0.290972 0.077344 0.137500
0 0.692969 0.263889 0.065625 0.113889
0 0.707422 0.231944 0.057031 0.094444
0 0.633984 0.290972 0.080469 0.129167
0 0.633203 0.227083 0.053906 0.087500
0 0.656250 0.197222 0.043750 0.086111
0 0.629297 0.196528 0.046094 0.079167
0 0.541406 0.194444 0.045313 0.072222
