0 0.093359 0.531250 0.185156 0.343056
0 0.232031 0.247917 0.071875 0.120833
0 0.251953 0.322917 0.094531 0.176389
0 0.300000 0.343750 0.110937 0.187500
0 0.357422 0.240972 0.067969 0.118056
0 0.457812 0.260417 0.073437 0.118056
0 0.468359 0.365278 0.111719 0.200000
0 0.554297 0.396528 0.128906 0.209722
0 0.576953 0.368750 0.110156 0.190278
0 0.693750 0.393750 0.120312 0.204167
0 0.641797 0.289583 0.077344 0.140278
0 0.703516 0.266667 0.067969 0.119444
0 0.773828 0.291667 0.077344 0.138889
0 0.807813 0.277083 0.067188 0.140278
0 0.723437 0.230556 0.053125 0.083333
0 0.642578 0.234028 0.060156 0.098611
0 0.667578 0.202778 0.042969 0.083333
0 0.637500 0.195139 0.045313 0.081944
0 0.553125 0.194444 0.050000 0.086111
0 0.869922 0.218750 0.049219 0.084722
0 0.971484 0.244444 0.057031 0.105556
0 0.958984 0.388194 0.082031 0.198611
