0 0.101562 0.523611 0.203125 0.363889
0 0.562891 0.191667 0.046094 0.083333
0 0.648438 0.186806 0.040625 0.076389
0 0.675391 0.192361 0.046094 0.073611
0 0.653906 0.227778 0.057813 0.083333
0 0.657422 0.293056 0.075781 0.122222
0 0.717188 0.268750 0.070312 0.115278
0 0.729297 0.234722 0.060156 0.097222
0 0.818750 0.282639 0.064062 0.123611
0 0.782812 0.293056 0.076563 0.133333
0 0.882812 0.216667 0.050000 0.080556
0 0.979688 0.252778 0.040625 0.097222
0 0.964844 0.388194 0.070312 0.193056
0 0.701563 0.390278 0.120312 0.202778
0 0.585938 0.367361 0.112500 0.193056
0 0.565625 0.394444 0.121875 0.208333
0 0.480078 0.356944 0.105469 0.188889
0 0.467578 0.263889 0.077344 0.119444
0 0.369141 0.240972 0.075781 0.112500
0 0.308594 0.343750 0.107813 0.193056
0 0.266797 0.323611 0.102344 0.172222
0 0.242188 0.244444 0.078125 0.130556
