0 0.107422 0.513194 0.207031 0.334722
0 0.576953 0.195139 0.047656 0.081944
0 0.659766 0.186111 0.039844 0.063889
0 0.689062 0.197222 0.040625 0.075000
0 0.666016 0.231250 0.055469 0.087500
0 0.663281 0.286111 0.078125 0.122222
0 0.726172 0.273611 0.071094 0.125000
0 0.742188 0.231944 0.059375 0.086111
0 0.794922 0.293056 0.078906 0.138889
0 0.833594 0.288194 0.070312 0.126389
0 0.894531 0.215278 0.048437 0.088889
0 0.985547 0.254167 0.028906 0.108333
0 0.970703 0.383333 0.058594 0.194444
0 0.715234 0.389583 0.119531 0.193056
0 0.601172 0.361111 0.105469 0.191667
0 0.577734 0.393056 0.127344 0.205556
0 0.491797 0.362500 0.108594 0.194444
0 0.479688 0.259722 0.087500 0.127778
0 0.382812 0.246528 0.068750 0.126389
0 0.324219 0.343056 0.114063 0.188889
0 0.277734 0.316667 0.103906 0.175000
0 0.255078 0.245833 0.078906 0.125000
