0 0.163672 0.485417 0.194531 0.318056
0 0.300781 0.236111 0.073437 0.127778
0 0.321484 0.307639 0.097656 0.168056
0 0.364062 0.329167 0.106250 0.180556
0 0.423047 0.236806 0.066406 0.115278
0 0.518359 0.259028 0.080469 0.120833
0 0.535156 0.353472 0.107813 0.193056
0 0.617188 0.395139 0.123438 0.218056
0 0.640234 0.356250 0.111719 0.184722
0 0.756641 0.390278 0.117969 0.197222
0 0.703906 0.294444 0.079687 0.133333
0 0.939062 0.227778 0.054688 0.091667
0 0.869141 0.287500 0.075781 0.119444
0 0.837109 0.293750 0.077344 0.131944
0 0.767187 0.265972 0.067188 0.112500
0 0.780078 0.229861 0.057031 0.090278
0 0.702734 0.224306 0.060156 0.098611
0 0.731250 0.192361 0.040625 0.076389
0 0.700391 0.186806 0.039844 0.084722
0 0.615625 0.194444 0.046875 0.075000
