0 0.177344 0.483333 0.196875 0.327778
0 0.309375 0.230556 0.073437 0.122222
0 0.331250 0.300694 0.093750 0.165278
0 0.376563 0.328472 0.109375 0.181944
0 0.429297 0.241667 0.067969 0.125000
0 0.528125 0.261806 0.075000 0.126389
0 0.541016 0.350694 0.111719 0.201389
0 0.628516 0.388194 0.124219 0.215278
0 0.647266 0.355556 0.111719 0.191667
0 0.763281 0.390972 0.115625 0.198611
0 0.737500 0.195833 0.039062 0.077778
0 0.707812 0.187500 0.039062 0.069444
0 0.712500 0.229861 0.062500 0.081944
0 0.722656 0.266667 0.068750 0.088889
0 0.621094 0.196528 0.048437 0.084722
0 0.791797 0.229861 0.057031 0.081944
0 0.780469 0.265972 0.060938 0.112500
0 0.842578 0.295139 0.085156 0.143056
0 0.883594 0.288889 0.070312 0.130556
0 0.950781 0.225000 0.050000 0.080556
