0 0.189453 0.474306 0.189844 0.315278
0 0.317969 0.231250 0.071875 0.120833
0 0.342578 0.301389 0.096094 0.161111
0 0.387109 0.322222 0.103906 0.186111
0 0.440625 0.237500 0.067188 0.122222
0 0.536328 0.259722 0.072656 0.125000
0 0.551953 0.352778 0.114844 0.191667
0 0.636719 0.379861 0.125000 0.215278
0 0.661719 0.355556 0.107813 0.177778
0 0.776172 0.388194 0.116406 0.204167
0 0.633984 0.196528 0.046094 0.081944
0 0.717188 0.191667 0.040625 0.063889
0 0.749219 0.198611 0.042188 0.066667
0 0.721875 0.228472 0.064062 0.081944
0 0.730078 0.288194 0.077344 0.120833
0 0.787500 0.266667 0.073437 0.108333
0 0.797656 0.232639 0.060938 0.093056
0 0.856641 0.297917 0.075781 0.143056
0 0.893359 0.296528 0.074219 0.137500
0 0.962109 0.231944 0.052344 0.086111
