0 0.188281 0.472222 0.196875 0.311111
0 0.321094 0.222917 0.071875 0.112500
0 0.344531 0.299306 0.096875 0.165278
0 0.384766 0.327083 0.108594 0.187500
0 0.439063 0.238889 0.064062 0.116667
0 0.537109 0.256250 0.077344 0.118056
0 0.550391 0.347917 0.108594 0.193056
0 0.637500 0.384722 0.126563 0.219444
0 0.658203 0.360417 0.113281 0.195833
0 0.775391 0.393750 0.116406 0.209722
0 0.962109 0.231944 0.050781 0.086111
0 0.895312 0.292361 0.073437 0.120833
0 0.854688 0.295833 0.079687 0.130556
0 0.789062 0.269444 0.064062 0.105556
0 0.726562 0.288889 0.078125 0.133333
0 0.722656 0.234722 0.057813 0.097222
0 0.748047 0.203472 0.041406 0.073611
0 0.800000 0.231944 0.059375 0.086111
0 0.718750 0.193056 0.040625 0.061111
0 0.633203 0.194444 0.044531 0.077778
