0 0.198828 0.468750 0.186719 0.306944
0 0.328906 0.229861 0.068750 0.123611
0 0.353516 0.297222 0.099219 0.166667
0 0.395312 0.323611 0.112500 0.177778
0 0.450391 0.241667 0.071094 0.127778
0 0.548047 0.256944 0.075781 0.119444
0 0.562500 0.345139 0.109375 0.190278
0 0.646484 0.384722 0.127344 0.211111
0 0.671094 0.361806 0.106250 0.190278
0 0.784766 0.389583 0.117969 0.201389
0 0.971094 0.232639 0.048437 0.093056
0 0.908203 0.295139 0.066406 0.131944
0 0.864844 0.297222 0.084375 0.136111
0 0.794531 0.269444 0.071875 0.105556
0 0.810938 0.232639 0.062500 0.081944
0 0.738672 0.288194 0.083594 0.131944
0 0.733203 0.231250 0.057031 0.093056
0 0.758203 0.204167 0.044531 0.083333
0 0.727344 0.192361 0.042188 0.056944
0 0.642578 0.197222 0.046094 0.086111
