0 0.198828 0.472917 0.188281 0.309722
0 0.328516 0.231250 0.072656 0.120833
0 0.355469 0.297917 0.101562 0.162500
0 0.397266 0.327083 0.107031 0.184722
0 0.451953 0.238194 0.069531 0.118056
0 0.546875 0.262500 0.076563 0.119444
0 0.562891 0.345833 0.116406 0.186111
0 0.645312 0.386111 0.126563 0.219444
0 0.667578 0.368750 0.111719 0.201389
0 0.784766 0.393750 0.119531 0.204167
0 0.642578 0.199306 0.049219 0.090278
0 0.728906 0.194444 0.046875 0.066667
0 0.758594 0.202083 0.042188 0.073611
0 0.735156 0.222917 0.057813 0.081944
0 0.739453 0.286806 0.075781 0.118056
0 0.800391 0.277083 0.075781 0.120833
0 0.813281 0.240972 0.059375 0.101389
0 0.866016 0.300694 0.083594 0.143056
0 0.902344 0.294444 0.075000 0.147222
0 0.968750 0.236111 0.053125 0.086111
