0 0.975391 0.238889 0.049219 0.094444
0 0.914453 0.297222 0.072656 0.138889
0 0.874609 0.296528 0.077344 0.131944
0 0.820703 0.240278 0.061719 0.088889
0 0.804297 0.274306 0.071094 0.115278
0 0.740234 0.290278 0.082031 0.122222
0 0.741797 0.231944 0.063281 0.075000
0 0.736719 0.190278 0.037500 0.058333
0 0.767187 0.205556 0.048437 0.066667
0 0.651172 0.196528 0.044531 0.076389
0 0.655078 0.387500 0.121094 0.219444
0 0.677344 0.356250 0.110937 0.181944
0 0.792578 0.395139 0.119531 0.206944
0 0.569922 0.350000 0.111719 0.188889
0 0.556250 0.265278 0.082813 0.127778
0 0.456641 0.233333 0.067969 0.116667
0 0.406250 0.318056 0.103125 0.177778
0 0.364453 0.295833 0.100781 0.169444
0 0.339063 0.228472 0.065625 0.123611
0 0.212891 0.468750 0.189844 0.306944
