0 0.235156 0.459722 0.181250 0.302778
0 0.355469 0.225694 0.065625 0.106944
0 0.381641 0.301389 0.091406 0.175000
0 0.423047 0.319444 0.103906 0.186111
0 0.476172 0.241667 0.066406 0.116667
0 0.573828 0.265972 0.077344 0.131944
0 0.587500 0.351389 0.107813 0.191667
0 0.672656 0.389583 0.118750 0.218056
0 0.694531 0.356944 0.107813 0.177778
0 0.812109 0.393056 0.122656 0.197222
0 0.666406 0.203472 0.050000 0.076389
0 0.755859 0.202778 0.041406 0.072222
0 0.782422 0.209722 0.047656 0.072222
0 0.760156 0.238889 0.059375 0.086111
0 0.762500 0.296528 0.076563 0.131944
0 0.824609 0.279167 0.074219 0.119444
0 0.834766 0.241667 0.064844 0.086111
0 0.894531 0.311111 0.085938 0.144444
0 0.934766 0.302778 0.074219 0.127778
0 0.987500 0.244444 0.025000 0.083333
