0 0.246094 0.454861 0.185937 0.304167
0 0.364844 0.226389 0.070312 0.111111
0 0.393750 0.292361 0.095312 0.168056
0 0.431250 0.322222 0.101562 0.180556
0 0.484766 0.240278 0.067969 0.122222
0 0.581641 0.260417 0.074219 0.115278
0 0.601953 0.350694 0.108594 0.193056
0 0.684766 0.392361 0.124219 0.212500
0 0.709375 0.360417 0.104687 0.181944
0 0.821875 0.392361 0.121875 0.201389
0 0.943750 0.309028 0.073437 0.137500
0 0.903906 0.308333 0.085938 0.141667
0 0.832031 0.281944 0.070312 0.111111
0 0.849219 0.247917 0.059375 0.101389
0 0.775391 0.299306 0.080469 0.129167
0 0.768359 0.235417 0.055469 0.081944
0 0.792188 0.211806 0.040625 0.076389
0 0.762891 0.204167 0.044531 0.069444
0 0.676562 0.202778 0.048437 0.075000
