0 0.684766 0.202778 0.052344 0.075000
0 0.773047 0.206250 0.042969 0.073611
0 0.800391 0.212500 0.047656 0.077778
0 0.777344 0.243750 0.062500 0.095833
0 0.782422 0.302083 0.078906 0.126389
0 0.843750 0.281944 0.073437 0.122222
0 0.858203 0.249306 0.063281 0.090278
0 0.913281 0.308333 0.082813 0.138889
0 0.956250 0.311806 0.076563 0.126389
0 0.827344 0.396528 0.121875 0.204167
0 0.712500 0.364583 0.110937 0.198611
0 0.692187 0.386806 0.125000 0.212500
0 0.605078 0.350000 0.110156 0.186111
0 0.591016 0.265278 0.075781 0.119444
0 0.493359 0.241667 0.067969 0.116667
0 0.442187 0.321528 0.101562 0.179167
0 0.399609 0.305556 0.091406 0.180556
0 0.373047 0.232639 0.067969 0.115278
0 0.256641 0.456250 0.182031 0.298611
