0 0.787500 0.210417 0.045313 0.073611
0 0.816016 0.215972 0.041406 0.070833
0 0.794531 0.244444 0.064062 0.083333
0 0.799219 0.302778 0.076563 0.122222
0 0.859766 0.279861 0.064844 0.106944
0 0.870703 0.253472 0.060156 0.098611
0 0.928906 0.317361 0.082813 0.140278
0 0.963281 0.315972 0.073437 0.145833
0 0.845703 0.400694 0.121094 0.201389
0 0.732422 0.363194 0.107031 0.201389
0 0.707031 0.390972 0.126563 0.215278
0 0.623438 0.355556 0.110937 0.194444
0 0.605078 0.270833 0.077344 0.125000
0 0.699219 0.209722 0.050000 0.083333
0 0.507031 0.243750 0.064062 0.120833
0 0.458984 0.319444 0.102344 0.177778
0 0.419141 0.302778 0.094531 0.166667
0 0.392188 0.234722 0.067188 0.111111
0 0.280078 0.448611 0.178906 0.300000
