0 0.944141 0.321528 0.085156 0.143056
0 0.975391 0.322222 0.049219 0.141667
0 0.873438 0.297222 0.070312 0.127778
0 0.885547 0.260417 0.063281 0.109722
0 0.832422 0.222917 0.044531 0.073611
0 0.804297 0.214583 0.047656 0.073611
0 0.807813 0.251389 0.060938 0.094444
0 0.810938 0.316667 0.082813 0.130556
0 0.860156 0.405556 0.120312 0.200000
0 0.746484 0.368056 0.105469 0.186111
0 0.722656 0.397917 0.125000 0.212500
0 0.712109 0.214583 0.049219 0.081944
0 0.637891 0.352778 0.114844 0.188889
0 0.619141 0.268750 0.080469 0.126389
0 0.525391 0.241667 0.064844 0.116667
0 0.473047 0.324306 0.100781 0.181944
0 0.433984 0.302083 0.094531 0.170833
0 0.404687 0.231250 0.068750 0.120833
0 0.296484 0.451389 0.183594 0.297222
