0 0.313672 0.446528 0.177344 0.293056
0 0.485938 0.322222 0.098438 0.175000
0 0.535156 0.245139 0.064062 0.112500
0 0.449219 0.304167 0.095312 0.163889
0 0.419922 0.240278 0.077344 0.116667
0 0.633203 0.272917 0.077344 0.126389
0 0.648047 0.359722 0.105469 0.186111
0 0.734766 0.400000 0.125781 0.202778
0 0.755469 0.372917 0.109375 0.187500
0 0.871484 0.410417 0.121094 0.206944
0 0.823438 0.312500 0.082813 0.130556
0 0.889453 0.306944 0.072656 0.127778
0 0.957422 0.329861 0.085156 0.134722
0 0.901563 0.266667 0.059375 0.097222
0 0.819141 0.253472 0.064844 0.084722
0 0.841016 0.226389 0.042969 0.075000
0 0.817187 0.222917 0.043750 0.068056
0 0.726172 0.218056 0.049219 0.080556
