0 0.313281 0.445139 0.170312 0.284722
0 0.485547 0.324306 0.100781 0.173611
0 0.446875 0.306250 0.098438 0.168056
0 0.421094 0.236806 0.070312 0.112500
0 0.536328 0.246528 0.069531 0.123611
0 0.632812 0.269444 0.079687 0.127778
0 0.650000 0.359028 0.107813 0.193056
0 0.735547 0.399306 0.122656 0.206944
0 0.757812 0.371528 0.104687 0.176389
0 0.873047 0.411111 0.119531 0.208333
0 0.823047 0.323611 0.078906 0.152778
0 0.888672 0.302778 0.071094 0.119444
0 0.957812 0.337500 0.084375 0.155556
0 0.900781 0.268056 0.062500 0.094444
0 0.821094 0.255556 0.057813 0.091667
0 0.842188 0.231944 0.046875 0.083333
0 0.813281 0.218750 0.042188 0.073611
0 0.725000 0.216667 0.046875 0.080556
