0 0.817578 0.213194 0.041406 0.065278
0 0.849609 0.233333 0.044531 0.077778
0 0.828125 0.263889 0.060938 0.083333
0 0.828906 0.319444 0.078125 0.150000
0 0.892969 0.313889 0.078125 0.127778
0 0.902344 0.276389 0.059375 0.108333
0 0.958984 0.329167 0.082031 0.138889
0 0.876953 0.407639 0.121094 0.201389
0 0.732422 0.217361 0.047656 0.084722
0 0.756641 0.372222 0.116406 0.188889
0 0.741016 0.397222 0.122656 0.202778
0 0.654297 0.359722 0.107031 0.186111
0 0.638672 0.287500 0.074219 0.136111
0 0.541016 0.248611 0.069531 0.119444
0 0.493359 0.326389 0.099219 0.169444
0 0.453125 0.304861 0.092188 0.159722
0 0.426953 0.232639 0.072656 0.112500
0 0.319531 0.450000 0.171875 0.294444
