0 0.319141 0.452083 0.171094 0.301389
0 0.492578 0.326389 0.100781 0.172222
0 0.542188 0.252778 0.065625 0.122222
0 0.456250 0.308333 0.100000 0.166667
0 0.424219 0.241667 0.067188 0.113889
0 0.637500 0.274306 0.073437 0.115278
0 0.651172 0.357639 0.100781 0.181944
0 0.741016 0.397917 0.127344 0.218056
0 0.763281 0.377083 0.104687 0.184722
0 0.877734 0.415972 0.121094 0.206944
0 0.960938 0.332639 0.078125 0.137500
0 0.890234 0.298611 0.071094 0.111111
0 0.831250 0.320139 0.084375 0.131944
0 0.826563 0.257639 0.057813 0.087500
0 0.853125 0.234028 0.043750 0.081944
0 0.824609 0.222917 0.052344 0.070833
0 0.733203 0.216667 0.047656 0.080556
0 0.905078 0.268750 0.060156 0.090278
