0 0.431250 0.243750 0.065625 0.118056
0 0.457031 0.307639 0.092188 0.165278
0 0.497656 0.333333 0.101562 0.177778
0 0.549219 0.252778 0.068750 0.113889
0 0.643750 0.277778 0.076563 0.125000
0 0.661328 0.365278 0.116406 0.191667
0 0.744141 0.404861 0.122656 0.209722
0 0.766797 0.382639 0.105469 0.190278
0 0.883203 0.422917 0.121094 0.204167
0 0.962500 0.337500 0.075000 0.138889
0 0.837500 0.322222 0.087500 0.130556
0 0.897266 0.305556 0.071094 0.111111
0 0.912109 0.272917 0.064844 0.101389
0 0.831250 0.265278 0.064062 0.100000
0 0.857422 0.236806 0.046094 0.070833
0 0.827344 0.229167 0.043750 0.077778
0 0.740234 0.218056 0.046094 0.080556
0 0.325391 0.450694 0.169531 0.284722
