0 0.887500 0.426389 0.121875 0.211111
0 0.966016 0.343750 0.067969 0.140278
0 0.902344 0.314583 0.078125 0.129167
0 0.916016 0.274306 0.061719 0.095833
0 0.840234 0.322917 0.078906 0.140278
0 0.836328 0.265278 0.061719 0.088889
0 0.860156 0.237500 0.043750 0.075000
0 0.826563 0.224306 0.039062 0.070833
0 0.744922 0.223611 0.044531 0.083333
0 0.750391 0.402083 0.124219 0.215278
0 0.772266 0.387500 0.110156 0.194444
0 0.664844 0.367361 0.106250 0.184722
0 0.650781 0.291667 0.076563 0.138889
0 0.552734 0.259028 0.064844 0.120833
0 0.502344 0.331250 0.101562 0.179167
0 0.462109 0.307639 0.091406 0.165278
0 0.436328 0.243056 0.071094 0.122222
0 0.333984 0.449306 0.171094 0.281944
