0 0.747266 0.227083 0.046094 0.081944
0 0.836719 0.231250 0.042188 0.073611
0 0.867578 0.240972 0.044531 0.081944
0 0.844531 0.265278 0.060938 0.088889
0 0.844141 0.334028 0.077344 0.134722
0 0.908203 0.315278 0.077344 0.127778
0 0.924219 0.290972 0.062500 0.123611
0 0.966797 0.344444 0.066406 0.141667
0 0.894531 0.427778 0.121875 0.205556
0 0.778516 0.386111 0.110156 0.191667
0 0.755469 0.411806 0.123438 0.204167
0 0.669531 0.370139 0.106250 0.176389
0 0.655469 0.295139 0.075000 0.137500
0 0.558594 0.257639 0.068750 0.120833
0 0.508984 0.337500 0.097656 0.175000
0 0.468359 0.313194 0.096094 0.165278
0 0.443359 0.252778 0.072656 0.119444
0 0.339453 0.456944 0.166406 0.291667
