0 0.343359 0.465278 0.167969 0.294444
0 0.512891 0.340972 0.099219 0.176389
0 0.561719 0.262500 0.064062 0.113889
0 0.473437 0.319444 0.093750 0.161111
0 0.446484 0.250694 0.067969 0.118056
0 0.658203 0.282639 0.074219 0.120833
0 0.673437 0.380556 0.106250 0.200000
0 0.760156 0.418750 0.121875 0.209722
0 0.780859 0.393056 0.111719 0.191667
0 0.900000 0.431944 0.123438 0.202778
0 0.971484 0.350694 0.057031 0.140278
0 0.914453 0.321528 0.072656 0.115278
0 0.930078 0.287500 0.060156 0.100000
0 0.853906 0.336111 0.082813 0.136111
0 0.848437 0.277778 0.064062 0.100000
0 0.874219 0.245833 0.040625 0.077778
0 0.842188 0.241667 0.045313 0.072222
0 0.753516 0.230556 0.046094 0.083333
