0 0.761719 0.240278 0.048437 0.086111
0 0.852344 0.241667 0.039062 0.069444
0 0.883203 0.253472 0.038281 0.070833
0 0.857031 0.282639 0.064062 0.087500
0 0.860937 0.343750 0.079687 0.137500
0 0.923047 0.321528 0.067969 0.112500
0 0.937891 0.295833 0.064844 0.100000
0 0.973828 0.361111 0.052344 0.144444
0 0.907422 0.443750 0.122656 0.206944
0 0.789062 0.406250 0.109375 0.204167
0 0.767969 0.424306 0.125000 0.209722
0 0.682813 0.389583 0.109375 0.193056
0 0.665234 0.296528 0.075781 0.120833
0 0.570312 0.265972 0.064062 0.120833
0 0.521484 0.352083 0.102344 0.184722
0 0.481250 0.328472 0.093750 0.165278
0 0.455859 0.254167 0.066406 0.111111
0 0.352734 0.473611 0.166406 0.288889
