0 0.354297 0.472917 0.161719 0.281944
0 0.522656 0.345833 0.096875 0.172222
0 0.482031 0.327083 0.089062 0.159722
0 0.456250 0.261111 0.067188 0.113889
0 0.570312 0.268750 0.067188 0.115278
0 0.668359 0.297917 0.075781 0.123611
0 0.682422 0.386111 0.105469 0.183333
0 0.767969 0.427778 0.121875 0.211111
0 0.789844 0.407639 0.107813 0.206944
0 0.906641 0.452778 0.124219 0.216667
0 0.858594 0.347222 0.076563 0.136111
0 0.923828 0.338889 0.078906 0.127778
0 0.976562 0.365278 0.046875 0.150000
0 0.937891 0.297222 0.063281 0.105556
0 0.858984 0.284028 0.061719 0.093056
0 0.882031 0.250000 0.046875 0.077778
0 0.850000 0.240972 0.040625 0.065278
0 0.762109 0.241667 0.047656 0.086111
