0 0.771094 0.247917 0.046875 0.084722
0 0.857422 0.248611 0.041406 0.069444
0 0.887891 0.260417 0.047656 0.076389
0 0.865234 0.291667 0.061719 0.091667
0 0.865625 0.354861 0.081250 0.126389
0 0.930859 0.346528 0.077344 0.137500
0 0.947656 0.309722 0.064062 0.113889
0 0.981250 0.372917 0.037500 0.148611
0 0.915625 0.457639 0.125000 0.201389
0 0.798047 0.420833 0.113281 0.197222
0 0.775781 0.440972 0.121875 0.209722
0 0.689062 0.394444 0.101562 0.191667
0 0.675781 0.313194 0.078125 0.143056
0 0.581250 0.281250 0.064062 0.120833
0 0.530078 0.359722 0.097656 0.175000
0 0.493750 0.338194 0.095312 0.162500
0 0.464453 0.264583 0.064844 0.112500
0 0.362891 0.479167 0.161719 0.291667
