0 0.377734 0.497222 0.161719 0.283333
0 0.541016 0.367361 0.097656 0.168056
0 0.501953 0.343750 0.089844 0.162500
0 0.473437 0.269444 0.065625 0.113889
0 0.589844 0.282639 0.067188 0.118056
0 0.685156 0.315972 0.078125 0.123611
0 0.698828 0.406250 0.102344 0.181944
0 0.785547 0.450694 0.124219 0.204167
0 0.805859 0.424306 0.110156 0.187500
0 0.925000 0.472222 0.123438 0.208333
0 0.984766 0.387500 0.030469 0.141667
0 0.937891 0.359722 0.082031 0.125000
0 0.954687 0.321528 0.068750 0.120833
0 0.876562 0.362500 0.081250 0.127778
0 0.872656 0.304167 0.062500 0.091667
0 0.899219 0.277778 0.050000 0.083333
0 0.868750 0.262500 0.048437 0.077778
0 0.780078 0.254167 0.047656 0.077778
