0 0.958984 0.315972 0.061719 0.098611
0 0.985937 0.387500 0.028125 0.127778
0 0.940625 0.353472 0.076563 0.120833
0 0.925391 0.476389 0.122656 0.211111
0 0.882422 0.374306 0.091406 0.143056
0 0.878516 0.302778 0.061719 0.088889
0 0.899219 0.279167 0.046875 0.083333
0 0.872656 0.265278 0.039062 0.075000
0 0.781250 0.259028 0.050000 0.087500
0 0.805078 0.434028 0.114844 0.201389
0 0.788672 0.452083 0.121094 0.201389
0 0.705078 0.411806 0.110156 0.190278
0 0.687109 0.318750 0.075781 0.120833
0 0.594922 0.289583 0.066406 0.115278
0 0.544141 0.370139 0.097656 0.173611
0 0.505469 0.347917 0.089062 0.165278
0 0.478125 0.274306 0.068750 0.115278
0 0.382812 0.499306 0.164062 0.276389
