0 0.387109 0.500694 0.158594 0.273611
0 0.544141 0.377083 0.100781 0.168056
0 0.507422 0.343750 0.091406 0.145833
0 0.482031 0.279167 0.067188 0.105556
0 0.593359 0.287500 0.064844 0.113889
0 0.689453 0.321528 0.072656 0.126389
0 0.705859 0.417361 0.103906 0.201389
0 0.785937 0.447917 0.110937 0.201389
0 0.815625 0.418056 0.096875 0.183333
0 0.930859 0.477083 0.122656 0.204167
0 0.880469 0.374306 0.089062 0.131944
0 0.950391 0.361111 0.072656 0.125000
0 0.968359 0.328472 0.058594 0.109722
0 0.882812 0.318750 0.064062 0.115278
0 0.916406 0.288889 0.056250 0.088889
0 0.876953 0.270139 0.044531 0.068056
0 0.783594 0.272222 0.051562 0.091667
