0 0.880859 0.267361 0.044531 0.062500
0 0.907422 0.281944 0.046094 0.083333
0 0.881641 0.312500 0.061719 0.088889
0 0.883984 0.373611 0.083594 0.125000
0 0.941016 0.370139 0.083594 0.143056
0 0.964844 0.331944 0.067188 0.116667
0 0.987891 0.407639 0.021094 0.126389
0 0.929297 0.481250 0.127344 0.201389
0 0.792969 0.463194 0.123438 0.215278
0 0.816406 0.438889 0.104687 0.188889
0 0.786719 0.267361 0.045313 0.081944
0 0.711328 0.422917 0.114844 0.193056
0 0.693359 0.320139 0.075781 0.112500
0 0.597656 0.295139 0.062500 0.109722
0 0.551562 0.377778 0.096875 0.166667
0 0.511719 0.353472 0.089062 0.165278
0 0.487500 0.272222 0.071875 0.119444
0 0.389453 0.493056 0.155469 0.263889
