0 0.390234 0.497222 0.158594 0.272222
0 0.550781 0.384722 0.092188 0.172222
0 0.514844 0.357639 0.089062 0.165278
0 0.485156 0.284722 0.067188 0.119444
0 0.599609 0.291667 0.060156 0.111111
0 0.694922 0.329861 0.072656 0.120833
0 0.708594 0.418750 0.104687 0.190278
0 0.796484 0.470139 0.119531 0.220833
0 0.814453 0.431250 0.102344 0.173611
0 0.932422 0.482639 0.121094 0.195833
0 0.885156 0.377778 0.075000 0.130556
0 0.951953 0.365278 0.080469 0.133333
0 0.883594 0.306250 0.068750 0.090278
0 0.909375 0.288889 0.054688 0.077778
0 0.880078 0.277083 0.042969 0.081944
0 0.787500 0.275000 0.048437 0.086111
