0 0.389844 0.508333 0.159375 0.286111
0 0.550391 0.380556 0.100781 0.169444
0 0.513672 0.354861 0.092969 0.156944
0 0.483203 0.286806 0.067969 0.115278
0 0.594922 0.295139 0.066406 0.123611
0 0.694141 0.330556 0.078906 0.125000
0 0.714453 0.420139 0.110156 0.187500
0 0.794141 0.465972 0.114844 0.206944
0 0.820703 0.445833 0.102344 0.191667
0 0.932813 0.484722 0.118750 0.205556
0 0.788672 0.270833 0.047656 0.077778
0 0.881641 0.268750 0.047656 0.056944
0 0.909375 0.286806 0.042188 0.076389
0 0.884766 0.305556 0.063281 0.063889
0 0.880859 0.385417 0.080469 0.145833
0 0.947656 0.367361 0.079687 0.134722
0 0.985937 0.398611 0.025000 0.125000
0 0.962500 0.309722 0.064062 0.097222
