0 0.392188 0.506250 0.162500 0.281944
0 0.485156 0.287500 0.068750 0.116667
0 0.516406 0.360417 0.098438 0.165278
0 0.549219 0.385417 0.093750 0.168056
0 0.598828 0.296528 0.066406 0.104167
0 0.693359 0.336111 0.077344 0.133333
0 0.710938 0.424306 0.104687 0.198611
0 0.792578 0.472917 0.117969 0.220833
0 0.817578 0.440278 0.103906 0.188889
0 0.932813 0.488889 0.123438 0.197222
0 0.886719 0.377083 0.082813 0.137500
0 0.950781 0.360417 0.076563 0.104167
0 0.989062 0.410417 0.018750 0.120833
0 0.963672 0.335417 0.069531 0.115278
0 0.886719 0.315278 0.060938 0.083333
0 0.911328 0.281250 0.050781 0.065278
0 0.879687 0.265278 0.042188 0.047222
0 0.789062 0.270833 0.048437 0.069444
