0 0.383203 0.509028 0.161719 0.270833
0 0.787500 0.272222 0.050000 0.072222
0 0.873438 0.281944 0.040625 0.072222
0 0.905078 0.295139 0.047656 0.090278
0 0.878906 0.323611 0.059375 0.086111
0 0.879687 0.381944 0.079687 0.130556
0 0.946094 0.377778 0.071875 0.122222
0 0.964063 0.343056 0.065625 0.125000
0 0.987500 0.409722 0.021875 0.136111
0 0.930469 0.494444 0.121875 0.202778
0 0.813281 0.456250 0.109375 0.190278
0 0.789844 0.484722 0.126563 0.205556
0 0.706641 0.425694 0.105469 0.176389
0 0.689453 0.345139 0.078906 0.145833
0 0.595312 0.302778 0.065625 0.108333
