0 0.782422 0.281250 0.047656 0.081944
0 0.875781 0.288889 0.045313 0.080556
0 0.904688 0.300694 0.046875 0.087500
0 0.878906 0.333333 0.064062 0.097222
0 0.879687 0.388889 0.082813 0.127778
0 0.948047 0.378472 0.078906 0.129167
0 0.958984 0.340972 0.064844 0.120833
0 0.985156 0.411111 0.026563 0.133333
0 0.924609 0.502083 0.119531 0.209722
0 0.813281 0.455556 0.100000 0.197222
0 0.788281 0.478472 0.126563 0.193056
0 0.703125 0.436806 0.106250 0.193056
0 0.692187 0.345139 0.084375 0.134722
0 0.593750 0.311111 0.064062 0.122222
0 0.544922 0.391667 0.105469 0.172222
0 0.506641 0.368750 0.092969 0.156944
0 0.482031 0.293056 0.070312 0.111111
0 0.384766 0.518056 0.158594 0.263889
