0 0.375391 0.532639 0.164844 0.279167
0 0.540625 0.397917 0.101562 0.168056
0 0.500391 0.369444 0.094531 0.152778
0 0.473828 0.300000 0.072656 0.116667
0 0.584375 0.310417 0.068750 0.123611
0 0.680078 0.343056 0.072656 0.116667
0 0.694141 0.436111 0.105469 0.175000
0 0.778906 0.484722 0.121875 0.205556
0 0.803125 0.452083 0.110937 0.181944
0 0.917969 0.504861 0.120312 0.190278
0 0.871875 0.393750 0.078125 0.120833
0 0.940625 0.389583 0.075000 0.129167
0 0.982422 0.426389 0.032031 0.136111
0 0.780078 0.284028 0.047656 0.093056
0 0.873047 0.325000 0.060156 0.080556
0 0.900000 0.298611 0.048437 0.077778
0 0.866406 0.285417 0.043750 0.070833
0 0.955859 0.331250 0.063281 0.090278
