0 0.778125 0.276389 0.043750 0.080556
0 0.869141 0.284028 0.041406 0.076389
0 0.899609 0.301389 0.047656 0.088889
0 0.872656 0.329167 0.065625 0.086111
0 0.873047 0.389583 0.083594 0.129167
0 0.937500 0.386111 0.078125 0.122222
0 0.955859 0.343750 0.058594 0.106944
0 0.979297 0.414583 0.038281 0.137500
0 0.916016 0.500000 0.124219 0.197222
0 0.801172 0.458333 0.103906 0.191667
0 0.780469 0.485417 0.120312 0.193056
0 0.695703 0.435417 0.103906 0.187500
0 0.683984 0.351389 0.075781 0.133333
0 0.584766 0.311806 0.063281 0.131944
0 0.539453 0.394444 0.099219 0.161111
0 0.501562 0.365972 0.089062 0.162500
0 0.473437 0.293750 0.067188 0.112500
0 0.371875 0.524306 0.159375 0.284722
