0 0.368750 0.530556 0.165625 0.275000
0 0.533984 0.400694 0.097656 0.165278
0 0.495313 0.375000 0.089062 0.155556
0 0.473047 0.304167 0.067969 0.116667
0 0.584375 0.315278 0.064062 0.116667
0 0.679688 0.350000 0.073437 0.127778
0 0.688672 0.443750 0.108594 0.181944
0 0.773047 0.484722 0.119531 0.205556
0 0.796094 0.456250 0.110937 0.187500
0 0.908984 0.504861 0.114844 0.198611
0 0.979297 0.418056 0.038281 0.138889
0 0.933984 0.389583 0.078906 0.137500
0 0.867188 0.395833 0.090625 0.138889
0 0.868359 0.332639 0.061719 0.095833
0 0.953125 0.347917 0.057813 0.115278
0 0.893750 0.311806 0.051562 0.093056
0 0.864844 0.293056 0.050000 0.080556
0 0.776172 0.282639 0.042969 0.084722
