0 0.973437 0.420139 0.050000 0.140278
0 0.919922 0.391667 0.074219 0.133333
0 0.939844 0.350694 0.062500 0.109722
0 0.884375 0.302083 0.048437 0.076389
0 0.859375 0.292361 0.046875 0.073611
0 0.862500 0.336111 0.064062 0.100000
0 0.856641 0.397917 0.078906 0.129167
0 0.899609 0.503472 0.119531 0.193056
0 0.786719 0.459722 0.101562 0.180556
0 0.757031 0.492361 0.128125 0.215278
0 0.675000 0.446528 0.103125 0.193056
0 0.668750 0.343056 0.070312 0.116667
0 0.762500 0.279167 0.051562 0.083333
0 0.574609 0.313194 0.064844 0.106944
0 0.526172 0.400694 0.092969 0.173611
0 0.488672 0.372222 0.092969 0.163889
0 0.463672 0.300694 0.064844 0.104167
0 0.354688 0.542361 0.160938 0.287500
