0 0.974609 0.415972 0.047656 0.140278
0 0.920313 0.388889 0.078125 0.136111
0 0.939844 0.342361 0.059375 0.104167
0 0.903125 0.504861 0.121875 0.190278
0 0.859375 0.395833 0.078125 0.125000
0 0.860547 0.333333 0.063281 0.102778
0 0.883203 0.304861 0.049219 0.087500
0 0.858203 0.291667 0.044531 0.077778
0 0.767187 0.283333 0.045313 0.086111
0 0.787891 0.461111 0.108594 0.197222
0 0.764453 0.488194 0.124219 0.206944
0 0.679297 0.443056 0.103906 0.197222
0 0.670313 0.345833 0.076563 0.122222
0 0.574609 0.314583 0.069531 0.123611
0 0.523828 0.397917 0.099219 0.159722
0 0.487109 0.374306 0.091406 0.156944
0 0.460547 0.302083 0.067969 0.120833
0 0.354688 0.533333 0.160938 0.277778
