0 0.972656 0.417361 0.051562 0.151389
0 0.896484 0.504861 0.122656 0.198611
0 0.782422 0.455556 0.100781 0.172222
0 0.757812 0.490972 0.120312 0.201389
0 0.673437 0.443750 0.106250 0.195833
0 0.662891 0.344444 0.069531 0.108333
0 0.569531 0.311111 0.060938 0.108333
0 0.519531 0.404167 0.096875 0.166667
0 0.482031 0.378472 0.090625 0.165278
0 0.454297 0.299306 0.066406 0.106944
0 0.346875 0.532639 0.162500 0.284722
0 0.850000 0.397222 0.075000 0.127778
0 0.918750 0.394444 0.065625 0.144444
0 0.938281 0.347917 0.060938 0.109722
0 0.852734 0.328472 0.060156 0.087500
0 0.879687 0.301389 0.051562 0.080556
0 0.846875 0.290278 0.045313 0.069444
0 0.760938 0.288194 0.048437 0.084722
