0 0.851172 0.293056 0.049219 0.075000
0 0.850000 0.327778 0.060938 0.100000
0 0.879687 0.295833 0.043750 0.069444
0 0.931641 0.340972 0.055469 0.095833
0 0.907031 0.380556 0.078125 0.133333
0 0.847656 0.399306 0.084375 0.148611
0 0.758984 0.281250 0.044531 0.081944
0 0.658203 0.343056 0.074219 0.125000
0 0.667969 0.447222 0.103125 0.188889
0 0.748828 0.488889 0.119531 0.197222
0 0.772266 0.465278 0.111719 0.197222
0 0.887891 0.504861 0.122656 0.195833
0 0.973437 0.418056 0.050000 0.138889
0 0.564453 0.311111 0.067969 0.102778
0 0.513281 0.402778 0.093750 0.161111
0 0.472656 0.378472 0.089062 0.156944
0 0.451172 0.299306 0.067969 0.115278
0 0.339063 0.535417 0.164062 0.281944
