0 0.328906 0.536806 0.167187 0.287500
0 0.505078 0.405556 0.099219 0.169444
0 0.467969 0.380556 0.092188 0.161111
0 0.444531 0.306944 0.067188 0.125000
0 0.561719 0.318750 0.062500 0.118056
0 0.650781 0.345833 0.070312 0.119444
0 0.659375 0.440972 0.109375 0.176389
0 0.741406 0.491667 0.125000 0.197222
0 0.752344 0.284028 0.050000 0.084722
0 0.768750 0.453472 0.106250 0.168056
0 0.885547 0.508333 0.125781 0.197222
0 0.966797 0.419444 0.063281 0.150000
0 0.907031 0.389583 0.079687 0.134722
0 0.841406 0.402083 0.089062 0.143056
0 0.842578 0.324306 0.053906 0.084722
0 0.870703 0.300694 0.047656 0.081944
0 0.848828 0.289583 0.049219 0.081944
0 0.927344 0.346528 0.060938 0.101389
