0 0.833203 0.289583 0.044531 0.073611
0 0.858203 0.297222 0.049219 0.080556
0 0.829687 0.325694 0.060938 0.087500
0 0.739062 0.281944 0.046875 0.080556
0 0.824219 0.395833 0.085938 0.130556
0 0.889844 0.383333 0.073437 0.125000
0 0.909375 0.339583 0.060938 0.109722
0 0.958594 0.420139 0.079687 0.148611
0 0.865234 0.506944 0.117969 0.208333
0 0.729297 0.492361 0.113281 0.206944
0 0.753906 0.464583 0.107813 0.198611
0 0.651172 0.441667 0.110156 0.177778
0 0.641016 0.343750 0.077344 0.109722
0 0.549609 0.315278 0.064844 0.116667
0 0.492188 0.395833 0.095312 0.172222
0 0.454688 0.371528 0.092188 0.165278
0 0.435937 0.301389 0.075000 0.113889
0 0.311719 0.538889 0.165625 0.288889
