0 0.954687 0.413194 0.087500 0.145833
0 0.888672 0.383333 0.078906 0.116667
0 0.900781 0.337500 0.059375 0.102778
0 0.825391 0.330556 0.060156 0.100000
0 0.855078 0.302778 0.052344 0.094444
0 0.824219 0.289583 0.045313 0.081944
0 0.822656 0.397222 0.085938 0.144444
0 0.857031 0.508333 0.110937 0.205556
0 0.749219 0.461111 0.100000 0.188889
0 0.721094 0.492361 0.120312 0.204167
0 0.642969 0.442361 0.104687 0.184722
0 0.633203 0.345833 0.071094 0.122222
0 0.734766 0.279167 0.047656 0.086111
0 0.540234 0.313194 0.064844 0.112500
0 0.485938 0.394444 0.098438 0.161111
0 0.448828 0.371528 0.089844 0.156944
0 0.425781 0.294444 0.071875 0.116667
0 0.305859 0.545139 0.167969 0.276389
