0 0.297266 0.537500 0.169531 0.288889
0 0.477344 0.396528 0.096875 0.179167
0 0.726953 0.283333 0.041406 0.083333
0 0.819922 0.283333 0.039844 0.069444
0 0.844922 0.293750 0.041406 0.073611
0 0.818359 0.323611 0.060156 0.086111
0 0.811719 0.395139 0.082813 0.131944
0 0.878516 0.380556 0.086719 0.125000
0 0.898047 0.340972 0.064844 0.112500
0 0.947266 0.415278 0.078906 0.141667
0 0.850000 0.499306 0.110937 0.201389
0 0.739453 0.464583 0.102344 0.198611
0 0.713672 0.496528 0.122656 0.198611
0 0.635156 0.441667 0.110937 0.186111
0 0.624609 0.335417 0.072656 0.115278
0 0.535547 0.315278 0.066406 0.108333
0 0.442969 0.376389 0.092188 0.161111
0 0.419141 0.297917 0.067969 0.112500
0 0.976953 0.408333 0.042969 0.141667
