0 0.296875 0.543056 0.173438 0.297222
0 0.477734 0.404167 0.100781 0.183333
0 0.725000 0.281250 0.050000 0.090278
0 0.817969 0.285417 0.040625 0.081944
0 0.847266 0.292361 0.044531 0.087500
0 0.817578 0.318750 0.058594 0.084722
0 0.812891 0.392361 0.080469 0.131944
0 0.875391 0.377778 0.071094 0.122222
0 0.894531 0.334028 0.068750 0.129167
0 0.946875 0.407639 0.081250 0.140278
0 0.977734 0.411806 0.041406 0.140278
0 0.851172 0.493056 0.113281 0.180556
0 0.738672 0.459028 0.108594 0.184722
0 0.715625 0.485417 0.126563 0.201389
0 0.630859 0.442361 0.102344 0.168056
0 0.625391 0.346528 0.072656 0.131944
0 0.536328 0.314583 0.063281 0.115278
0 0.438672 0.379167 0.088281 0.158333
0 0.420703 0.304167 0.069531 0.116667
