0 0.275781 0.545833 0.173438 0.297222
0 0.460156 0.402083 0.098438 0.170833
0 0.423438 0.378472 0.090625 0.156944
0 0.406250 0.305556 0.060938 0.122222
0 0.523438 0.315972 0.067188 0.120833
0 0.611719 0.350694 0.076563 0.140278
0 0.617969 0.441667 0.104687 0.177778
0 0.696094 0.494444 0.120312 0.208333
0 0.721875 0.461111 0.110937 0.197222
0 0.832422 0.509028 0.114844 0.204167
0 0.798437 0.400694 0.079687 0.148611
0 0.804688 0.286806 0.039062 0.084722
0 0.830859 0.293750 0.039844 0.065278
0 0.801953 0.325694 0.058594 0.087500
0 0.716016 0.278472 0.049219 0.076389
0 0.860547 0.366667 0.072656 0.116667
0 0.926172 0.415972 0.085156 0.140278
0 0.966797 0.406944 0.063281 0.152778
0 0.886328 0.318750 0.061719 0.118056
