0 0.273438 0.550000 0.168750 0.291667
0 0.463672 0.402778 0.100781 0.183333
0 0.963672 0.404167 0.069531 0.133333
0 0.928516 0.413194 0.085156 0.129167
0 0.882031 0.336111 0.056250 0.091667
0 0.862109 0.377778 0.067969 0.127778
0 0.830859 0.296528 0.049219 0.081944
0 0.803906 0.288889 0.042188 0.080556
0 0.804297 0.330556 0.067969 0.083333
0 0.802734 0.391667 0.083594 0.133333
0 0.833203 0.506944 0.122656 0.200000
0 0.722656 0.455556 0.100000 0.180556
0 0.696875 0.490972 0.120312 0.201389
0 0.612500 0.454167 0.101562 0.200000
0 0.606250 0.359028 0.075000 0.148611
0 0.520703 0.309028 0.063281 0.112500
0 0.394141 0.368056 0.000781 0.002778
0 0.425781 0.375000 0.095312 0.163889
0 0.405469 0.301389 0.064062 0.113889
0 0.713281 0.276389 0.050000 0.080556
