0 0.262109 0.540972 0.174219 0.301389
0 0.453516 0.407639 0.097656 0.190278
0 0.420312 0.378472 0.092188 0.159722
0 0.398438 0.297222 0.067188 0.116667
0 0.516406 0.310417 0.064062 0.118056
0 0.610156 0.438194 0.107813 0.179167
0 0.605469 0.347917 0.071875 0.129167
0 0.687891 0.487500 0.117969 0.197222
0 0.716016 0.461806 0.100781 0.195833
0 0.823438 0.507639 0.117188 0.204167
0 0.791797 0.397222 0.083594 0.144444
0 0.709375 0.275694 0.046875 0.081944
0 0.797656 0.331944 0.056250 0.097222
0 0.857813 0.376389 0.067188 0.122222
0 0.797266 0.281944 0.044531 0.072222
0 0.821875 0.292361 0.045313 0.073611
0 0.876172 0.335417 0.058594 0.093056
0 0.922266 0.412500 0.088281 0.133333
0 0.962109 0.407639 0.072656 0.134722
