0 0.253125 0.546528 0.170312 0.298611
0 0.444922 0.398611 0.099219 0.183333
0 0.407422 0.374306 0.089844 0.168056
0 0.394141 0.307639 0.071094 0.123611
0 0.508594 0.312500 0.065625 0.113889
0 0.597266 0.340278 0.074219 0.122222
0 0.700781 0.277083 0.043750 0.093056
0 0.601562 0.440278 0.106250 0.183333
0 0.679297 0.487500 0.119531 0.202778
0 0.709375 0.470833 0.104687 0.202778
0 0.818359 0.504861 0.113281 0.206944
0 0.785156 0.398611 0.078125 0.141667
0 0.846875 0.375694 0.064062 0.126389
0 0.789453 0.343056 0.064844 0.130556
0 0.817969 0.301389 0.043750 0.091667
0 0.792969 0.286806 0.053125 0.081944
0 0.871875 0.337500 0.059375 0.102778
0 0.916797 0.409028 0.080469 0.131944
0 0.959375 0.412500 0.068750 0.138889
