0 0.351172 0.300694 0.066406 0.134722
0 0.210156 0.578472 0.175000 0.290278
0 0.367969 0.384028 0.092188 0.159722
0 0.407422 0.415972 0.099219 0.173611
0 0.466406 0.307639 0.060938 0.101389
0 0.560547 0.451389 0.102344 0.180556
0 0.640234 0.496528 0.117969 0.206944
0 0.666406 0.470139 0.100000 0.190278
0 0.774609 0.513194 0.116406 0.193056
0 0.740234 0.394444 0.080469 0.141667
0 0.556641 0.344444 0.072656 0.122222
0 0.661328 0.270139 0.046094 0.084722
0 0.747266 0.325694 0.058594 0.098611
0 0.807813 0.375694 0.060938 0.120833
0 0.870313 0.407639 0.081250 0.131944
0 0.909375 0.398611 0.070312 0.125000
0 0.823047 0.338194 0.053906 0.112500
0 0.773438 0.288889 0.040625 0.075000
0 0.751172 0.276389 0.046094 0.072222
0 0.980469 0.331944 0.039062 0.080556
