0 0.203125 0.592361 0.178125 0.301389
0 0.399219 0.416667 0.098438 0.177778
0 0.353906 0.386111 0.078125 0.152778
0 0.342969 0.303472 0.068750 0.109722
0 0.460938 0.311111 0.065625 0.105556
0 0.558594 0.454167 0.109375 0.183333
0 0.551172 0.348611 0.075781 0.122222
0 0.630469 0.500694 0.117188 0.201389
0 0.662891 0.468056 0.096094 0.177778
0 0.767187 0.515972 0.112500 0.193056
0 0.733984 0.398611 0.078906 0.138889
0 0.798437 0.375000 0.062500 0.122222
0 0.862500 0.407639 0.075000 0.126389
0 0.902344 0.404861 0.062500 0.123611
0 0.739453 0.321528 0.060156 0.095833
0 0.653125 0.265972 0.043750 0.076389
0 0.740234 0.275694 0.044531 0.076389
0 0.767969 0.277778 0.037500 0.066667
0 0.817187 0.320833 0.051562 0.088889
0 0.975781 0.330556 0.048437 0.088889
