0 0.224609 0.558333 0.171094 0.294444
0 0.421875 0.404167 0.096875 0.172222
0 0.382031 0.379167 0.089062 0.161111
0 0.366406 0.295139 0.067188 0.115278
0 0.483984 0.309722 0.066406 0.116667
0 0.575391 0.443056 0.102344 0.183333
0 0.655469 0.489583 0.118750 0.209722
0 0.788281 0.507639 0.117188 0.201389
0 0.682422 0.463194 0.097656 0.187500
0 0.760547 0.390278 0.080469 0.138889
0 0.572266 0.338889 0.074219 0.122222
0 0.676953 0.271528 0.044531 0.076389
0 0.762891 0.325000 0.053906 0.105556
0 0.819531 0.375694 0.073437 0.123611
0 0.885547 0.405556 0.078906 0.136111
0 0.928516 0.400000 0.066406 0.130556
0 0.844141 0.337500 0.060156 0.113889
0 0.788281 0.291667 0.053125 0.086111
0 0.763672 0.272917 0.038281 0.065278
0 0.989844 0.330556 0.020312 0.077778
