0 0.225000 0.558333 0.170312 0.294444
0 0.422266 0.409028 0.097656 0.170833
0 0.383984 0.378472 0.089844 0.168056
0 0.369141 0.295833 0.071094 0.125000
0 0.482031 0.306250 0.057813 0.106944
0 0.575000 0.443056 0.103125 0.180556
0 0.653516 0.487500 0.113281 0.205556
0 0.787109 0.505556 0.114844 0.194444
0 0.884375 0.404167 0.078125 0.133333
0 0.573047 0.342361 0.077344 0.120833
0 0.676172 0.269444 0.046094 0.083333
0 0.757031 0.393056 0.082813 0.141667
0 0.763281 0.320833 0.054688 0.097222
0 0.792578 0.285417 0.041406 0.076389
0 0.762500 0.272917 0.035937 0.062500
0 0.819531 0.373611 0.068750 0.113889
0 0.841406 0.331250 0.054688 0.098611
0 0.933203 0.404861 0.058594 0.134722
0 0.989062 0.334722 0.021875 0.091667
