0 0.372656 0.378472 0.089062 0.151389
0 0.216016 0.572222 0.174219 0.283333
0 0.412891 0.411806 0.097656 0.176389
0 0.473437 0.311806 0.057813 0.106944
0 0.353516 0.297917 0.069531 0.140278
0 0.645312 0.490972 0.121875 0.209722
0 0.782031 0.500000 0.117188 0.200000
0 0.564062 0.447917 0.098438 0.173611
0 0.564062 0.343750 0.073437 0.126389
0 0.669531 0.271528 0.051562 0.084722
0 0.748828 0.390278 0.080469 0.133333
0 0.674219 0.459028 0.098438 0.173611
0 0.815234 0.377083 0.064844 0.140278
0 0.878906 0.404861 0.076563 0.137500
0 0.923437 0.404861 0.059375 0.129167
0 0.832812 0.333333 0.057813 0.102778
0 0.754297 0.319444 0.060156 0.091667
0 0.783203 0.290278 0.046094 0.080556
0 0.755859 0.271528 0.039844 0.065278
0 0.984375 0.331944 0.031250 0.086111
