0 0.187109 0.626389 0.185156 0.313889
0 0.382422 0.429167 0.102344 0.175000
0 0.342578 0.401389 0.091406 0.166667
0 0.323438 0.310417 0.075000 0.129167
0 0.439453 0.312500 0.064844 0.111111
0 0.529688 0.348611 0.071875 0.125000
0 0.540625 0.470139 0.100000 0.190278
0 0.620313 0.519444 0.114063 0.205556
0 0.647656 0.491667 0.098438 0.194444
0 0.753906 0.531250 0.109375 0.201389
0 0.717188 0.405556 0.078125 0.150000
0 0.775781 0.378472 0.070312 0.118056
0 0.844141 0.413194 0.078906 0.131944
0 0.877734 0.405556 0.077344 0.127778
0 0.717188 0.317361 0.059375 0.093056
0 0.629687 0.268750 0.050000 0.081944
0 0.717188 0.273611 0.043750 0.077778
0 0.742188 0.277083 0.045313 0.073611
0 0.794531 0.327778 0.057813 0.102778
0 0.951953 0.327778 0.053906 0.083333
