0 0.184375 0.631944 0.184375 0.311111
0 0.378906 0.429861 0.098438 0.173611
0 0.335156 0.405556 0.093750 0.163889
0 0.312109 0.304861 0.071094 0.118056
0 0.431641 0.316667 0.064844 0.113889
0 0.538672 0.467361 0.102344 0.176389
0 0.621875 0.514583 0.117188 0.198611
0 0.524609 0.347222 0.072656 0.108333
0 0.622266 0.262500 0.050781 0.091667
0 0.713281 0.398611 0.078125 0.133333
0 0.753906 0.531944 0.114063 0.208333
0 0.646094 0.485417 0.095312 0.184722
0 0.711328 0.315278 0.055469 0.091667
0 0.736719 0.280556 0.045313 0.080556
0 0.707031 0.267361 0.039062 0.065278
0 0.769922 0.372917 0.064844 0.118056
0 0.836328 0.411111 0.080469 0.130556
0 0.876172 0.408333 0.063281 0.130556
0 0.784375 0.320833 0.048437 0.086111
0 0.942187 0.322222 0.046875 0.080556
