0 0.171484 0.665972 0.194531 0.331944
0 0.361328 0.438194 0.103906 0.184722
0 0.317187 0.402778 0.098438 0.169444
0 0.286719 0.305556 0.073437 0.133333
0 0.408984 0.313889 0.063281 0.122222
0 0.506641 0.348611 0.075781 0.130556
0 0.526953 0.472917 0.103906 0.195833
0 0.614453 0.530556 0.124219 0.213889
0 0.746484 0.534722 0.119531 0.205556
0 0.631641 0.490278 0.108594 0.186111
0 0.691406 0.393750 0.078125 0.134722
0 0.752734 0.372222 0.063281 0.127778
0 0.820703 0.405556 0.077344 0.138889
0 0.857813 0.398611 0.060938 0.127778
0 0.913281 0.309722 0.053125 0.091667
0 0.687891 0.311806 0.058594 0.095833
0 0.596484 0.253472 0.047656 0.081944
0 0.758984 0.313194 0.055469 0.095833
0 0.701563 0.272222 0.042188 0.080556
0 0.679297 0.256944 0.035156 0.069444
0 0.983984 0.538194 0.032031 0.168056
