0 0.171094 0.670833 0.203125 0.336111
0 0.356641 0.434722 0.099219 0.177778
0 0.308984 0.402083 0.091406 0.176389
0 0.276563 0.300694 0.071875 0.126389
0 0.401953 0.302083 0.069531 0.123611
0 0.498828 0.339583 0.075781 0.123611
0 0.523828 0.475000 0.108594 0.194444
0 0.610547 0.528472 0.124219 0.215278
0 0.628125 0.477778 0.098438 0.169444
0 0.745703 0.529861 0.111719 0.204167
0 0.689844 0.388889 0.079687 0.130556
0 0.745703 0.365278 0.064844 0.111111
0 0.813672 0.400694 0.078906 0.126389
0 0.585938 0.248611 0.043750 0.075000
0 0.680859 0.304861 0.058594 0.095833
0 0.671875 0.249306 0.037500 0.065278
0 0.699219 0.259722 0.042188 0.069444
0 0.754687 0.304861 0.051562 0.084722
0 0.852344 0.394444 0.060938 0.130556
0 0.903516 0.302083 0.050781 0.081944
0 0.982422 0.534028 0.035156 0.173611
0 0.989844 0.361111 0.020312 0.091667
