0 0.185156 0.736111 0.225000 0.372222
0 0.339453 0.438194 0.116406 0.195833
0 0.283594 0.404167 0.106250 0.188889
0 0.232812 0.288194 0.084375 0.140278
0 0.360156 0.288194 0.071875 0.118056
0 0.467969 0.327083 0.076563 0.131944
0 0.518750 0.461111 0.110937 0.188889
0 0.622266 0.527778 0.128906 0.213889
0 0.627344 0.477083 0.110937 0.193056
0 0.751562 0.525000 0.118750 0.202778
0 0.976562 0.521528 0.046875 0.195833
0 0.956250 0.325000 0.059375 0.094444
0 0.783594 0.370833 0.073437 0.122222
0 0.818750 0.365278 0.064062 0.130556
0 0.662109 0.364583 0.082031 0.134722
0 0.712891 0.338889 0.057031 0.113889
0 0.705469 0.286806 0.053125 0.095833
0 0.844922 0.271528 0.046094 0.084722
0 0.634766 0.279167 0.053906 0.091667
0 0.532812 0.223611 0.046875 0.083333
0 0.612891 0.218750 0.038281 0.076389
0 0.641016 0.234028 0.049219 0.065278
