0 0.179688 0.721528 0.212500 0.354167
0 0.341016 0.437500 0.110156 0.191667
0 0.292188 0.400000 0.106250 0.180556
0 0.239453 0.294444 0.077344 0.144444
0 0.366797 0.286806 0.066406 0.109722
0 0.471094 0.327778 0.075000 0.136111
0 0.517187 0.463889 0.107813 0.183333
0 0.618359 0.527083 0.128906 0.218056
0 0.628125 0.473611 0.110937 0.177778
0 0.748438 0.523611 0.118750 0.202778
0 0.664062 0.363889 0.081250 0.127778
0 0.640625 0.280556 0.057813 0.091667
0 0.542188 0.227083 0.048437 0.084722
0 0.619141 0.225000 0.038281 0.069444
0 0.649609 0.233333 0.038281 0.055556
0 0.710938 0.281944 0.050000 0.086111
0 0.717188 0.345139 0.060938 0.123611
0 0.788281 0.381250 0.076563 0.131944
0 0.821484 0.371528 0.063281 0.131944
0 0.853906 0.274306 0.051562 0.081944
0 0.964063 0.328472 0.057813 0.104167
0 0.975000 0.523611 0.050000 0.183333
