0 0.180859 0.717361 0.214844 0.368056
0 0.340234 0.434028 0.114844 0.193056
0 0.290234 0.402083 0.102344 0.179167
0 0.239453 0.290278 0.077344 0.141667
0 0.367188 0.286111 0.067188 0.113889
0 0.470313 0.327778 0.076563 0.136111
0 0.519531 0.465972 0.110937 0.198611
0 0.616016 0.525000 0.125781 0.225000
0 0.626953 0.475694 0.103906 0.179167
0 0.746875 0.520139 0.120312 0.198611
0 0.664453 0.369444 0.080469 0.133333
0 0.542578 0.225694 0.047656 0.079167
0 0.642969 0.278472 0.062500 0.090278
0 0.625781 0.223611 0.039062 0.066667
0 0.652344 0.234722 0.043750 0.069444
0 0.717188 0.343056 0.067188 0.122222
0 0.712500 0.282639 0.050000 0.084722
0 0.785937 0.371528 0.075000 0.134722
0 0.819922 0.369444 0.066406 0.127778
0 0.855078 0.280556 0.046094 0.080556
0 0.964453 0.329167 0.060156 0.097222
0 0.975391 0.522222 0.049219 0.183333
