0 0.191406 0.759028 0.225000 0.387500
0 0.337891 0.444444 0.117969 0.208333
0 0.280469 0.402083 0.104687 0.190278
0 0.222266 0.285417 0.082031 0.134722
0 0.353906 0.284722 0.071875 0.116667
0 0.460547 0.330556 0.072656 0.136111
0 0.519531 0.467361 0.112500 0.206944
0 0.625391 0.530556 0.127344 0.227778
0 0.628125 0.477778 0.115625 0.194444
0 0.754687 0.527778 0.121875 0.216667
0 0.780078 0.370139 0.072656 0.134722
0 0.657422 0.359028 0.080469 0.123611
0 0.627344 0.272222 0.054688 0.097222
0 0.524219 0.218750 0.043750 0.084722
0 0.604688 0.215972 0.037500 0.073611
0 0.633203 0.230556 0.042969 0.072222
0 0.700000 0.274306 0.056250 0.093056
0 0.707031 0.335417 0.064062 0.120833
0 0.836328 0.266667 0.052344 0.083333
0 0.949219 0.319444 0.059375 0.097222
