0 0.270312 0.853472 0.270312 0.293056
0 0.339453 0.484722 0.122656 0.230556
0 0.266797 0.438194 0.116406 0.212500
0 0.176563 0.290972 0.089062 0.143056
0 0.313672 0.286806 0.075781 0.126389
0 0.439063 0.332639 0.082813 0.143056
0 0.588672 0.263889 0.058594 0.100000
0 0.470703 0.195833 0.046094 0.077778
0 0.548437 0.194444 0.037500 0.075000
0 0.578125 0.202083 0.048437 0.076389
0 0.659375 0.256250 0.053125 0.087500
0 0.682813 0.331250 0.068750 0.129167
0 0.645703 0.363889 0.086719 0.133333
0 0.541016 0.509028 0.117969 0.226389
0 0.670703 0.573611 0.141406 0.247222
0 0.656641 0.503472 0.113281 0.198611
0 0.796484 0.550694 0.127344 0.206944
0 0.766797 0.366667 0.082031 0.133333
0 0.794141 0.349306 0.061719 0.123611
0 0.782812 0.238194 0.045313 0.076389
0 0.902734 0.291667 0.058594 0.091667
0 0.947656 0.287500 0.051562 0.088889
0 0.984375 0.386806 0.031250 0.112500
0 0.983594 0.518750 0.032812 0.162500
