0 0.235547 0.824306 0.261719 0.351389
0 0.339453 0.465278 0.125781 0.213889
0 0.271484 0.418056 0.119531 0.208333
0 0.192578 0.290972 0.086719 0.145833
0 0.326172 0.280556 0.074219 0.144444
0 0.446484 0.325000 0.080469 0.141667
0 0.530859 0.487500 0.122656 0.219444
0 0.652344 0.552083 0.135937 0.237500
0 0.783203 0.542361 0.127344 0.223611
0 0.644531 0.496528 0.114063 0.204167
0 0.649219 0.357639 0.082813 0.118056
0 0.770703 0.363889 0.078906 0.133333
0 0.692578 0.329861 0.066406 0.126389
0 0.602344 0.265972 0.056250 0.098611
0 0.487891 0.205556 0.049219 0.086111
0 0.564844 0.200694 0.039062 0.076389
0 0.599609 0.215972 0.036719 0.059722
0 0.671875 0.264583 0.053125 0.095833
0 0.800391 0.247222 0.046094 0.080556
0 0.798828 0.352083 0.061719 0.120833
0 0.916016 0.301389 0.055469 0.091667
0 0.960547 0.300694 0.057031 0.090278
