0 0.291406 0.869444 0.271875 0.261111
0 0.342969 0.493750 0.128125 0.231944
0 0.268750 0.446528 0.118750 0.220833
0 0.164453 0.295139 0.085156 0.154167
0 0.307422 0.284028 0.075781 0.123611
0 0.434766 0.329861 0.082031 0.140278
0 0.550000 0.518056 0.129688 0.233333
0 0.678125 0.583333 0.143750 0.238889
0 0.659766 0.511111 0.122656 0.208333
0 0.803906 0.561111 0.129688 0.233333
0 0.645312 0.367361 0.081250 0.151389
0 0.681250 0.327778 0.067188 0.122222
0 0.649219 0.257639 0.056250 0.101389
0 0.580078 0.257639 0.058594 0.109722
0 0.569141 0.198611 0.047656 0.077778
0 0.539844 0.191667 0.039062 0.075000
0 0.462109 0.192361 0.046094 0.093056
0 0.776953 0.238194 0.047656 0.087500
0 0.762500 0.363889 0.078125 0.150000
0 0.789453 0.350000 0.064844 0.125000
0 0.895703 0.288194 0.060156 0.098611
0 0.937500 0.284028 0.056250 0.101389
0 0.981250 0.287500 0.037500 0.094444
0 0.983594 0.374306 0.032812 0.137500
0 0.985937 0.516667 0.028125 0.172222
