0 0.312500 0.877778 0.276563 0.244444
0 0.344922 0.497222 0.132031 0.233333
0 0.264453 0.447222 0.121094 0.219444
0 0.160156 0.295833 0.090625 0.152778
0 0.297656 0.284722 0.073437 0.125000
0 0.430469 0.329167 0.084375 0.144444
0 0.553516 0.514583 0.127344 0.226389
0 0.685156 0.590278 0.142188 0.241667
0 0.667578 0.509722 0.116406 0.197222
0 0.809375 0.563194 0.128125 0.229167
0 0.453125 0.190972 0.050000 0.087500
0 0.530859 0.187500 0.044531 0.072222
0 0.560938 0.196528 0.045313 0.073611
0 0.574609 0.251389 0.053906 0.102778
0 0.642578 0.249306 0.052344 0.095833
0 0.644141 0.364583 0.083594 0.145833
0 0.675781 0.322222 0.070312 0.122222
0 0.758594 0.360417 0.081250 0.131944
0 0.787500 0.348611 0.064062 0.122222
0 0.766797 0.227778 0.046094 0.075000
0 0.885547 0.281250 0.057031 0.087500
0 0.928125 0.274306 0.059375 0.093056
0 0.980469 0.284722 0.039062 0.088889
0 0.979688 0.373611 0.037500 0.138889
