0 0.149219 0.293750 0.084375 0.151389
0 0.267969 0.450694 0.123438 0.218056
0 0.348437 0.496528 0.137500 0.223611
0 0.333594 0.888889 0.282813 0.222222
0 0.555859 0.516667 0.122656 0.236111
0 0.692969 0.583333 0.143750 0.255556
0 0.667969 0.504861 0.110937 0.195833
0 0.809375 0.559722 0.131250 0.219444
0 0.757422 0.360417 0.080469 0.131944
0 0.778906 0.340972 0.070312 0.129167
0 0.641797 0.363194 0.083594 0.140278
0 0.670313 0.322917 0.065625 0.123611
0 0.636328 0.247917 0.057031 0.090278
0 0.567969 0.252083 0.057813 0.104167
0 0.554297 0.192361 0.041406 0.079167
0 0.523828 0.184028 0.049219 0.076389
0 0.444141 0.188889 0.050781 0.086111
0 0.427734 0.329861 0.089844 0.140278
0 0.294531 0.279861 0.078125 0.123611
0 0.755469 0.221528 0.048437 0.079167
0 0.878516 0.273611 0.061719 0.091667
0 0.921484 0.270833 0.057031 0.105556
0 0.975391 0.275694 0.049219 0.095833
0 0.978125 0.362500 0.043750 0.116667
0 0.985156 0.501389 0.029687 0.166667
0 0.971094 0.218056 0.037500 0.066667
