0 0.093359 0.270833 0.099219 0.152778
0 0.264453 0.437500 0.138281 0.233333
0 0.360547 0.488889 0.139844 0.250000
0 0.241797 0.252778 0.092969 0.141667
0 0.392188 0.289583 0.093750 0.154167
0 0.447266 0.130556 0.050781 0.075000
0 0.367578 0.134028 0.052344 0.090278
0 0.477344 0.133333 0.039062 0.075000
0 0.505469 0.193056 0.056250 0.094444
0 0.575000 0.190972 0.050000 0.095833
0 0.629297 0.263194 0.072656 0.115278
0 0.610937 0.313889 0.084375 0.138889
0 0.573047 0.480556 0.135156 0.236111
0 0.722656 0.550000 0.150000 0.255556
0 0.678125 0.468750 0.109375 0.215278
0 0.719922 0.297917 0.078906 0.131944
0 0.737891 0.281944 0.071094 0.127778
0 0.679297 0.159028 0.046094 0.084722
0 0.803516 0.206944 0.057031 0.094444
0 0.842578 0.201389 0.052344 0.097222
0 0.894531 0.212500 0.051562 0.088889
0 0.871484 0.142361 0.036719 0.056944
0 0.934766 0.298611 0.074219 0.119444
0 0.830469 0.500694 0.121875 0.220833
0 0.513281 0.902083 0.287500 0.195833
0 0.975000 0.435417 0.050000 0.190278
