0 0.115234 0.286111 0.102344 0.161111
0 0.260938 0.448611 0.125000 0.227778
0 0.358203 0.497917 0.138281 0.237500
0 0.261719 0.263194 0.084375 0.134722
0 0.405859 0.295833 0.089844 0.147222
0 0.398438 0.152083 0.051562 0.084722
0 0.472656 0.148611 0.042188 0.080556
0 0.505078 0.153472 0.049219 0.087500
0 0.530078 0.214583 0.060156 0.115278
0 0.594531 0.211111 0.057813 0.102778
0 0.643359 0.279861 0.071094 0.126389
0 0.621875 0.331944 0.082813 0.138889
0 0.566016 0.500694 0.132031 0.240278
0 0.674219 0.492361 0.123438 0.215278
0 0.715234 0.570139 0.149219 0.265278
0 0.824609 0.534028 0.135156 0.226389
0 0.732422 0.323611 0.085156 0.144444
0 0.754687 0.300694 0.062500 0.131944
0 0.707812 0.180556 0.048437 0.083333
0 0.834375 0.234722 0.059375 0.091667
0 0.871484 0.231250 0.055469 0.093056
0 0.925391 0.239583 0.047656 0.084722
0 0.913281 0.166667 0.035937 0.058333
0 0.939453 0.221528 0.039844 0.079167
0 0.957812 0.321528 0.084375 0.129167
0 0.979297 0.462500 0.041406 0.169444
0 0.447266 0.902083 0.286719 0.195833
