0 0.108594 0.281250 0.104687 0.162500
0 0.255469 0.254167 0.084375 0.150000
0 0.401172 0.300694 0.088281 0.154167
0 0.264062 0.448611 0.132812 0.236111
0 0.359375 0.493750 0.140625 0.251389
0 0.568750 0.500000 0.132812 0.241667
0 0.717969 0.562500 0.151562 0.263889
0 0.676172 0.481944 0.117969 0.205556
0 0.828906 0.525000 0.131250 0.230556
0 0.977734 0.459028 0.044531 0.193056
0 0.729688 0.316667 0.084375 0.136111
0 0.749219 0.300000 0.064062 0.125000
0 0.615625 0.326389 0.081250 0.133333
0 0.641016 0.283333 0.072656 0.127778
0 0.522656 0.211111 0.062500 0.102778
0 0.587500 0.212500 0.060938 0.097222
0 0.496094 0.150694 0.045313 0.079167
0 0.462500 0.138889 0.039062 0.075000
0 0.385156 0.151389 0.053125 0.086111
0 0.465234 0.906944 0.292969 0.186111
0 0.700391 0.180556 0.050781 0.086111
0 0.823438 0.223611 0.054688 0.086111
0 0.864844 0.225694 0.053125 0.101389
0 0.917969 0.230556 0.051562 0.088889
0 0.951953 0.314583 0.075781 0.126389
0 0.897266 0.161806 0.032031 0.048611
