0 0.125000 0.286806 0.098438 0.159722
0 0.263281 0.452778 0.129688 0.225000
0 0.353906 0.497917 0.135937 0.237500
0 0.567187 0.507639 0.129688 0.237500
0 0.710938 0.570833 0.145313 0.252778
0 0.822656 0.534722 0.131250 0.233333
0 0.677344 0.490972 0.115625 0.204167
0 0.424219 0.896528 0.279687 0.206944
0 0.412500 0.312500 0.087500 0.147222
0 0.269922 0.270139 0.080469 0.134722
0 0.405469 0.162500 0.048437 0.080556
0 0.536719 0.222917 0.057813 0.098611
0 0.626953 0.343750 0.085156 0.145833
0 0.741016 0.338194 0.083594 0.137500
0 0.648047 0.293750 0.077344 0.129167
0 0.757031 0.311111 0.071875 0.133333
0 0.962891 0.331944 0.074219 0.125000
0 0.980469 0.474306 0.039062 0.162500
0 0.483984 0.154167 0.047656 0.075000
0 0.514844 0.166667 0.046875 0.077778
0 0.606250 0.220833 0.054688 0.100000
0 0.716016 0.193056 0.044531 0.083333
0 0.841797 0.247222 0.060156 0.100000
0 0.878906 0.245139 0.057813 0.098611
0 0.935156 0.249306 0.048437 0.087500
0 0.921094 0.182639 0.034375 0.059722
0 0.950781 0.223611 0.039062 0.063889
