0 0.129688 0.289583 0.095312 0.156944
0 0.274609 0.273611 0.082031 0.136111
0 0.264062 0.456250 0.126563 0.231944
0 0.351562 0.500694 0.140625 0.240278
0 0.396484 0.896528 0.289844 0.206944
0 0.564453 0.509722 0.125781 0.230556
0 0.708203 0.581944 0.144531 0.258333
0 0.674609 0.499306 0.114844 0.220833
0 0.819531 0.546528 0.134375 0.220833
0 0.628125 0.348611 0.089062 0.155556
0 0.650000 0.297222 0.071875 0.119444
0 0.615625 0.229861 0.057813 0.101389
0 0.546484 0.231250 0.064844 0.098611
0 0.528125 0.175000 0.046875 0.075000
0 0.495313 0.162500 0.051562 0.080556
0 0.417188 0.168056 0.051562 0.086111
0 0.417188 0.313889 0.090625 0.158333
0 0.727344 0.201389 0.050000 0.077778
0 0.742969 0.340278 0.076563 0.150000
0 0.767578 0.309722 0.066406 0.130556
0 0.851562 0.247917 0.053125 0.101389
0 0.890625 0.250000 0.057813 0.108333
0 0.943750 0.258333 0.050000 0.102778
0 0.935938 0.189583 0.040625 0.048611
0 0.968359 0.338194 0.063281 0.120833
0 0.984375 0.481944 0.031250 0.172222
