0 0.054297 0.250000 0.108594 0.172222
0 0.200391 0.212500 0.083594 0.141667
0 0.246484 0.411806 0.135156 0.240278
0 0.363672 0.450694 0.142969 0.248611
0 0.359766 0.251389 0.086719 0.152778
0 0.307422 0.092361 0.049219 0.093056
0 0.383984 0.081944 0.042969 0.083333
0 0.420703 0.091667 0.050781 0.083333
0 0.459375 0.151389 0.062500 0.105556
0 0.526953 0.147222 0.053906 0.097222
0 0.576172 0.253472 0.080469 0.123611
0 0.588672 0.206944 0.066406 0.119444
0 0.623438 0.112500 0.051562 0.080556
0 0.680859 0.243056 0.077344 0.130556
0 0.698438 0.231250 0.057813 0.134722
0 0.750781 0.150000 0.051562 0.086111
0 0.779297 0.145139 0.050781 0.095833
0 0.802344 0.086111 0.029687 0.050000
0 0.835156 0.143750 0.053125 0.095833
0 0.884766 0.228472 0.072656 0.120833
0 0.957812 0.360417 0.081250 0.176389
0 0.820703 0.445139 0.128906 0.223611
0 0.728125 0.486111 0.143750 0.241667
0 0.577734 0.433333 0.132031 0.222222
0 0.676562 0.418750 0.123438 0.212500
0 0.618750 0.885417 0.306250 0.229167
