0 0.050391 0.248611 0.100781 0.169444
0 0.198047 0.219444 0.083594 0.147222
0 0.254687 0.406250 0.142188 0.231944
0 0.362500 0.452778 0.146875 0.244444
0 0.617188 0.883333 0.303125 0.233333
0 0.573438 0.439583 0.131250 0.234722
0 0.676953 0.424306 0.122656 0.223611
0 0.728516 0.488194 0.146094 0.251389
0 0.821094 0.446528 0.121875 0.226389
0 0.955469 0.366667 0.085938 0.188889
0 0.884375 0.227083 0.071875 0.131944
0 0.834766 0.152778 0.052344 0.091667
0 0.780469 0.147917 0.060938 0.090278
0 0.748047 0.152778 0.057031 0.091667
0 0.804297 0.084722 0.036719 0.052778
0 0.685156 0.245833 0.082813 0.130556
0 0.695703 0.219444 0.061719 0.116667
0 0.579297 0.255556 0.085156 0.119444
0 0.584766 0.199306 0.069531 0.098611
0 0.621875 0.111111 0.043750 0.080556
0 0.526172 0.143056 0.050781 0.097222
0 0.459375 0.149306 0.059375 0.101389
0 0.358594 0.252083 0.090625 0.151389
0 0.309375 0.094444 0.053125 0.086111
0 0.383594 0.084722 0.046875 0.083333
0 0.417969 0.090278 0.048437 0.086111
