0 0.032031 0.206944 0.064062 0.183333
0 0.153125 0.170833 0.090625 0.152778
0 0.233984 0.353472 0.139844 0.254167
0 0.354297 0.400694 0.144531 0.262500
0 0.322266 0.193750 0.091406 0.165278
0 0.248437 0.050000 0.057813 0.094444
0 0.325781 0.037500 0.046875 0.075000
0 0.361719 0.042361 0.050000 0.079167
0 0.407031 0.090278 0.065625 0.113889
0 0.471484 0.086111 0.058594 0.086111
0 0.542188 0.200694 0.087500 0.145833
0 0.546094 0.143750 0.075000 0.126389
0 0.565625 0.051389 0.050000 0.072222
0 0.642578 0.179167 0.083594 0.155556
0 0.562891 0.363889 0.128906 0.222222
0 0.664844 0.346528 0.120312 0.209722
0 0.717969 0.406250 0.148438 0.251389
0 0.801953 0.356250 0.116406 0.209722
0 0.695312 0.087500 0.053125 0.086111
0 0.724219 0.081250 0.056250 0.101389
0 0.776953 0.077778 0.047656 0.086111
0 0.735156 0.025694 0.035937 0.051389
0 0.833594 0.154861 0.068750 0.120833
0 0.933203 0.281944 0.103906 0.152778
0 0.964063 0.206944 0.068750 0.155556
0 0.976953 0.071528 0.042969 0.070833
0 0.693359 0.836111 0.307031 0.327778
