0 0.025781 0.210417 0.051562 0.176389
0 0.146484 0.168056 0.096094 0.152778
0 0.236328 0.361111 0.142969 0.238889
0 0.353906 0.390972 0.145313 0.259722
0 0.317187 0.195139 0.096875 0.168056
0 0.238281 0.045833 0.057813 0.091667
0 0.314453 0.032639 0.044531 0.065278
0 0.351172 0.038194 0.046094 0.070833
0 0.401953 0.090972 0.064844 0.101389
0 0.464844 0.082639 0.056250 0.109722
0 0.556250 0.046528 0.046875 0.081944
0 0.537500 0.145833 0.071875 0.111111
0 0.538281 0.204861 0.089062 0.137500
0 0.563281 0.363889 0.140625 0.225000
0 0.658594 0.338194 0.118750 0.204167
0 0.716406 0.402778 0.150000 0.247222
0 0.796875 0.355556 0.121875 0.225000
0 0.918750 0.269444 0.112500 0.169444
0 0.957422 0.200000 0.082031 0.147222
0 0.826953 0.149306 0.074219 0.120833
0 0.636328 0.174306 0.078906 0.129167
0 0.644922 0.150000 0.061719 0.113889
0 0.687500 0.077778 0.054688 0.088889
0 0.716797 0.074306 0.055469 0.093056
0 0.767187 0.073611 0.056250 0.108333
0 0.724219 0.022222 0.029687 0.044444
0 0.965234 0.066667 0.044531 0.069444
0 0.704687 0.840278 0.310937 0.319444
