0 0.092188 0.194444 0.098438 0.163889
0 0.273828 0.212500 0.102344 0.169444
0 0.211719 0.424306 0.151562 0.254167
0 0.335547 0.451389 0.155469 0.252778
0 0.546094 0.399306 0.135937 0.254167
0 0.634375 0.352083 0.112500 0.218056
0 0.701172 0.421528 0.142969 0.245833
0 0.766016 0.365972 0.124219 0.215278
0 0.882031 0.245833 0.109375 0.175000
0 0.908203 0.155556 0.083594 0.122222
0 0.973437 0.167361 0.050000 0.148611
0 0.773438 0.113194 0.075000 0.112500
0 0.629297 0.045139 0.057031 0.090278
0 0.663672 0.043056 0.052344 0.077778
0 0.705859 0.037500 0.053906 0.075000
0 0.592578 0.154167 0.091406 0.163889
0 0.496875 0.195139 0.087500 0.154167
0 0.491406 0.135417 0.070312 0.129167
0 0.407422 0.057639 0.058594 0.098611
0 0.345313 0.074306 0.064062 0.115278
0 0.284766 0.025694 0.050781 0.051389
0 0.242969 0.023611 0.050000 0.041667
0 0.172656 0.038889 0.064062 0.072222
0 0.755859 0.904167 0.299219 0.191667
