0 0.099219 0.188194 0.098438 0.156944
0 0.214844 0.411111 0.153125 0.250000
0 0.341406 0.443750 0.150000 0.273611
0 0.279687 0.209028 0.096875 0.165278
0 0.180078 0.036111 0.060156 0.072222
0 0.251563 0.022917 0.043750 0.045833
0 0.297266 0.023611 0.047656 0.047222
0 0.356250 0.074306 0.065625 0.109722
0 0.418359 0.061806 0.063281 0.098611
0 0.500391 0.129861 0.074219 0.112500
0 0.502344 0.193750 0.092188 0.148611
0 0.598047 0.152778 0.080469 0.155556
0 0.505078 0.026389 0.042969 0.052778
0 0.640625 0.046528 0.050000 0.081944
0 0.670313 0.037500 0.046875 0.075000
0 0.717188 0.043750 0.045313 0.079167
0 0.779688 0.123611 0.070312 0.119444
0 0.889453 0.250000 0.108594 0.169444
0 0.913281 0.166667 0.085938 0.138889
0 0.976953 0.166667 0.042969 0.138889
0 0.769922 0.364583 0.128906 0.220833
0 0.703906 0.427083 0.148438 0.256944
0 0.546094 0.385417 0.132812 0.234722
0 0.642578 0.352778 0.128906 0.233333
0 0.745313 0.893056 0.303125 0.213889
