0 0.114453 0.179861 0.096094 0.165278
0 0.223828 0.389583 0.150781 0.251389
0 0.347656 0.415972 0.151562 0.254167
0 0.294922 0.197222 0.094531 0.163889
0 0.202734 0.042361 0.060156 0.079167
0 0.273047 0.025694 0.052344 0.051389
0 0.314453 0.025694 0.050781 0.051389
0 0.371875 0.081250 0.065625 0.115278
0 0.430469 0.065972 0.051562 0.093056
0 0.516797 0.030556 0.042969 0.061111
0 0.514844 0.134028 0.075000 0.143056
0 0.514453 0.188194 0.083594 0.140278
0 0.612109 0.163889 0.083594 0.141667
0 0.653906 0.054861 0.054688 0.073611
0 0.684766 0.050694 0.042969 0.093056
0 0.733594 0.053472 0.048437 0.087500
0 0.794141 0.127083 0.077344 0.123611
0 0.900781 0.252778 0.104687 0.161111
0 0.925391 0.168056 0.082031 0.130556
0 0.982813 0.181944 0.031250 0.144444
0 0.921875 0.028472 0.043750 0.056944
0 0.553516 0.375000 0.136719 0.230556
0 0.647266 0.336111 0.116406 0.208333
0 0.708594 0.409722 0.145313 0.241667
0 0.783594 0.352083 0.126563 0.215278
0 0.736328 0.868750 0.308594 0.262500
