0 0.107813 0.185417 0.098438 0.162500
0 0.285156 0.199306 0.093750 0.156944
0 0.189844 0.033333 0.057813 0.066667
0 0.264062 0.025000 0.043750 0.050000
0 0.303516 0.026389 0.050781 0.052778
0 0.360938 0.074306 0.062500 0.109722
0 0.425781 0.065972 0.053125 0.101389
0 0.510547 0.028472 0.049219 0.056944
0 0.508594 0.130556 0.073437 0.130556
0 0.505078 0.193056 0.088281 0.147222
0 0.607422 0.152778 0.082031 0.147222
0 0.643359 0.046528 0.052344 0.093056
0 0.671875 0.046528 0.050000 0.087500
0 0.723828 0.047222 0.055469 0.086111
0 0.789844 0.125694 0.073437 0.126389
0 0.911328 0.029167 0.050781 0.052778
0 0.920703 0.170139 0.082031 0.131944
0 0.980859 0.177778 0.035156 0.138889
0 0.894922 0.249306 0.100781 0.165278
0 0.778125 0.356944 0.118750 0.208333
0 0.707031 0.419444 0.139062 0.241667
0 0.643750 0.351389 0.128125 0.219444
0 0.549219 0.378472 0.132812 0.240278
0 0.343750 0.427778 0.151562 0.263889
0 0.216016 0.403472 0.139844 0.254167
0 0.744141 0.880556 0.316406 0.238889
