0 0.047266 0.232639 0.094531 0.173611
0 0.228906 0.234722 0.100000 0.166667
0 0.179688 0.508333 0.154687 0.272222
0 0.312500 0.532639 0.156250 0.279167
0 0.521875 0.446528 0.137500 0.243056
0 0.682422 0.463194 0.142969 0.256944
0 0.612500 0.396528 0.110937 0.234722
0 0.741797 0.379861 0.122656 0.220833
0 0.851172 0.243056 0.097656 0.169444
0 0.868750 0.125000 0.079687 0.125000
0 0.946484 0.125000 0.075781 0.136111
0 0.734766 0.089583 0.067969 0.129167
0 0.588281 0.029861 0.053125 0.059722
0 0.624219 0.022222 0.040625 0.038889
0 0.664062 0.020139 0.053125 0.040278
0 0.557422 0.143056 0.075781 0.166667
0 0.461719 0.195833 0.085938 0.155556
0 0.455078 0.131250 0.075781 0.140278
0 0.363281 0.048611 0.059375 0.097222
0 0.299609 0.067361 0.061719 0.120833
0 0.115234 0.034028 0.063281 0.059722
