0 0.048828 0.219444 0.097656 0.158333
0 0.238281 0.231944 0.098438 0.175000
0 0.187500 0.495833 0.156250 0.283333
0 0.317578 0.515972 0.158594 0.287500
0 0.521875 0.429861 0.137500 0.251389
0 0.615234 0.381944 0.121094 0.222222
0 0.684766 0.461806 0.139844 0.251389
0 0.744531 0.385417 0.131250 0.223611
0 0.853516 0.243056 0.100781 0.155556
0 0.876172 0.129861 0.089844 0.118056
0 0.949219 0.140972 0.092188 0.137500
0 0.565625 0.148611 0.081250 0.163889
0 0.743359 0.088194 0.077344 0.120833
0 0.596094 0.035417 0.064062 0.070833
0 0.628125 0.022917 0.043750 0.045833
0 0.673437 0.022917 0.054688 0.040278
0 0.469531 0.205556 0.081250 0.147222
0 0.462109 0.124306 0.077344 0.115278
0 0.305078 0.068056 0.064844 0.108333
0 0.372656 0.048611 0.060938 0.097222
0 0.123828 0.036111 0.066406 0.072222
