0 0.044531 0.243750 0.089062 0.179167
0 0.216406 0.242361 0.098438 0.170833
0 0.160938 0.531250 0.156250 0.279167
0 0.299609 0.553472 0.153906 0.284722
0 0.505078 0.456944 0.144531 0.258333
0 0.599609 0.400694 0.128906 0.229167
0 0.673047 0.478472 0.146094 0.268056
0 0.733594 0.376389 0.125000 0.216667
0 0.837500 0.231250 0.104687 0.168056
0 0.851953 0.120139 0.088281 0.137500
0 0.930078 0.118750 0.080469 0.137500
0 0.719531 0.079861 0.070312 0.129167
0 0.546484 0.131250 0.082031 0.170833
0 0.449609 0.204861 0.088281 0.170833
0 0.441016 0.135417 0.074219 0.151389
0 0.284375 0.065278 0.062500 0.113889
0 0.571875 0.020833 0.053125 0.033333
0 0.610937 0.015278 0.040625 0.025000
0 0.095703 0.029861 0.063281 0.054167
