0 0.178906 0.508333 0.154687 0.272222
0 0.313672 0.526389 0.158594 0.266667
0 0.519922 0.443056 0.139844 0.244444
0 0.609766 0.389583 0.122656 0.218056
0 0.681250 0.466667 0.148438 0.247222
0 0.744531 0.381944 0.128125 0.216667
0 0.851172 0.242361 0.100781 0.173611
0 0.870313 0.131250 0.081250 0.137500
0 0.947656 0.128472 0.078125 0.137500
0 0.735547 0.087500 0.077344 0.119444
0 0.558203 0.146528 0.082031 0.168056
0 0.457812 0.201389 0.087500 0.152778
0 0.456641 0.119444 0.074219 0.119444
0 0.583594 0.025694 0.057813 0.051389
0 0.630859 0.025694 0.042969 0.051389
0 0.231641 0.234722 0.105469 0.169444
0 0.049219 0.231250 0.098438 0.184722
0 0.299609 0.067361 0.072656 0.115278
0 0.364062 0.052083 0.060938 0.093056
0 0.111328 0.031944 0.060156 0.063889
