0 0.067969 0.211111 0.109375 0.161111
0 0.194531 0.470139 0.148438 0.256944
0 0.325391 0.488194 0.158594 0.262500
0 0.532812 0.421528 0.137500 0.245833
0 0.621094 0.379167 0.123438 0.219444
0 0.693750 0.446528 0.145313 0.251389
0 0.756641 0.379861 0.130469 0.220833
0 0.866406 0.246528 0.101562 0.162500
0 0.887109 0.140278 0.083594 0.138889
0 0.962891 0.152778 0.071094 0.136111
0 0.755078 0.106944 0.074219 0.125000
0 0.609375 0.036111 0.054688 0.066667
0 0.688281 0.028472 0.050000 0.056944
0 0.650000 0.032639 0.045313 0.059722
0 0.573438 0.145833 0.082813 0.147222
0 0.479297 0.193750 0.085156 0.148611
0 0.473828 0.131250 0.075781 0.140278
0 0.251563 0.225000 0.098438 0.169444
0 0.321484 0.068056 0.066406 0.108333
0 0.385938 0.049306 0.057813 0.098611
0 0.141016 0.031944 0.063281 0.058333
0 0.218750 0.015278 0.050000 0.030556
0 0.261719 0.024306 0.056250 0.043056
