0 0.016406 0.272222 0.032812 0.163889
0 0.176953 0.261806 0.107031 0.181944
0 0.126172 0.585417 0.175781 0.279167
0 0.265234 0.610417 0.169531 0.298611
0 0.480859 0.484722 0.138281 0.250000
0 0.242188 0.056250 0.065625 0.109722
0 0.312109 0.039583 0.063281 0.073611
0 0.407031 0.110417 0.076563 0.123611
0 0.416797 0.200000 0.092969 0.166667
0 0.512891 0.131250 0.080469 0.151389
0 0.575781 0.412500 0.135937 0.219444
0 0.646484 0.502083 0.149219 0.270833
0 0.706250 0.400000 0.128125 0.230556
0 0.810547 0.214583 0.102344 0.173611
0 0.827344 0.083333 0.082813 0.136111
0 0.904297 0.077083 0.078906 0.140278
0 0.690625 0.053472 0.071875 0.106944
0 0.049219 0.029861 0.065625 0.056944
