0 0.025000 0.261111 0.050000 0.172222
0 0.184375 0.254167 0.103125 0.175000
0 0.125391 0.578472 0.172656 0.287500
0 0.273438 0.593750 0.165625 0.295833
0 0.484766 0.484722 0.142969 0.250000
0 0.580078 0.413889 0.124219 0.227778
0 0.652344 0.497222 0.145313 0.255556
0 0.709375 0.392361 0.134375 0.220833
0 0.811719 0.227778 0.104687 0.169444
0 0.841016 0.095833 0.075781 0.133333
0 0.907812 0.088194 0.073437 0.131944
0 0.698828 0.054167 0.069531 0.108333
0 0.517578 0.143750 0.078906 0.145833
0 0.422656 0.195833 0.092188 0.161111
0 0.414062 0.117361 0.073437 0.123611
0 0.253125 0.054861 0.067188 0.109722
0 0.317969 0.036806 0.059375 0.073611
0 0.060547 0.031944 0.063281 0.058333
