0 0.139062 0.270139 0.109375 0.181944
0 0.231641 0.661806 0.178906 0.309722
0 0.087891 0.649306 0.175781 0.298611
0 0.385547 0.187500 0.096094 0.172222
0 0.374219 0.102778 0.078125 0.147222
0 0.481250 0.115972 0.084375 0.151389
0 0.207031 0.049306 0.071875 0.098611
0 0.452344 0.506250 0.150000 0.259722
0 0.546094 0.425000 0.131250 0.230556
0 0.622656 0.516667 0.156250 0.261111
0 0.681250 0.397222 0.135937 0.227778
0 0.787500 0.186111 0.103125 0.177778
0 0.801172 0.058333 0.083594 0.116667
0 0.880859 0.053472 0.074219 0.106944
0 0.664062 0.038194 0.073437 0.076389
