0 0.087891 0.633333 0.172656 0.286111
0 0.242578 0.650000 0.175781 0.300000
0 0.460156 0.500694 0.146875 0.256944
0 0.547656 0.429861 0.134375 0.237500
0 0.628125 0.513194 0.146875 0.254167
0 0.690234 0.391667 0.132031 0.230556
0 0.146875 0.271528 0.110937 0.179167
0 0.389062 0.191667 0.096875 0.175000
0 0.379687 0.097222 0.079687 0.136111
0 0.489453 0.120833 0.088281 0.155556
0 0.213672 0.050000 0.071094 0.100000
0 0.669922 0.040972 0.072656 0.081944
0 0.792188 0.195139 0.106250 0.179167
0 0.809766 0.059722 0.080469 0.119444
0 0.885156 0.059722 0.078125 0.119444
