0 0.897656 0.640972 0.137500 0.229167
0 0.257422 0.921528 0.196094 0.156944
0 0.243359 0.672222 0.108594 0.177778
0 0.096484 0.693750 0.102344 0.190278
0 0.024219 0.727778 0.048437 0.183333
0 0.016406 0.528472 0.032812 0.090278
0 0.036719 0.465972 0.040625 0.070833
0 0.050781 0.396528 0.023438 0.040278
0 0.264062 0.437500 0.043750 0.072222
0 0.432031 0.403472 0.042188 0.062500
0 0.398438 0.399306 0.040625 0.068056
0 0.412109 0.377083 0.041406 0.065278
0 0.527344 0.295139 0.020312 0.026389
0 0.475781 0.290278 0.017188 0.027778
