0 0.540234 0.288889 0.021094 0.033333
0 0.488281 0.286806 0.017188 0.029167
0 0.443359 0.400694 0.038281 0.076389
0 0.425391 0.375000 0.038281 0.061111
0 0.412109 0.389583 0.041406 0.070833
0 0.277734 0.433333 0.047656 0.072222
0 0.061719 0.390972 0.023438 0.037500
0 0.050000 0.457639 0.040625 0.065278
0 0.022656 0.527083 0.045313 0.095833
0 0.035547 0.720139 0.071094 0.193056
0 0.110937 0.681250 0.101562 0.181944
0 0.256250 0.670833 0.114063 0.186111
0 0.271875 0.918750 0.195312 0.162500
0 0.912109 0.636806 0.139844 0.220833
