0 0.927344 0.629861 0.137500 0.237500
0 0.551562 0.288889 0.020312 0.038889
0 0.498828 0.281250 0.017969 0.023611
0 0.457422 0.394444 0.041406 0.072222
0 0.437891 0.367361 0.032031 0.059722
0 0.419141 0.388889 0.032031 0.063889
0 0.292188 0.426389 0.045313 0.080556
0 0.078516 0.379861 0.021094 0.029167
0 0.063281 0.450694 0.039062 0.073611
0 0.030469 0.517361 0.060938 0.084722
0 0.010156 0.554167 0.020312 0.088889
0 0.036719 0.709722 0.073437 0.188889
0 0.127344 0.676389 0.104687 0.169444
0 0.272656 0.661806 0.100000 0.181944
0 0.292578 0.906250 0.185156 0.187500
