0 0.583984 0.270833 0.017969 0.027778
0 0.532812 0.275000 0.014062 0.027778
0 0.475391 0.350694 0.032031 0.059722
0 0.491797 0.379167 0.039844 0.075000
0 0.457422 0.363889 0.036719 0.069444
0 0.328516 0.405556 0.041406 0.072222
0 0.346875 0.888194 0.185937 0.223611
0 0.318750 0.625000 0.106250 0.172222
0 0.177734 0.636806 0.099219 0.165278
0 0.066406 0.671528 0.107813 0.176389
0 0.032812 0.527083 0.065625 0.104167
0 0.070703 0.495139 0.053906 0.095833
0 0.107422 0.429861 0.041406 0.062500
0 0.117578 0.360417 0.024219 0.031944
0 0.946484 0.609028 0.100781 0.229167
