0 0.605469 0.262500 0.015625 0.036111
0 0.549609 0.264583 0.016406 0.023611
0 0.510938 0.361111 0.037500 0.072222
0 0.491406 0.340972 0.035937 0.056944
0 0.476172 0.355556 0.036719 0.069444
0 0.348047 0.397222 0.046094 0.072222
0 0.342578 0.602778 0.099219 0.175000
0 0.372656 0.873611 0.179688 0.252778
0 0.201953 0.615972 0.096094 0.156944
0 0.094922 0.649306 0.102344 0.173611
0 0.017188 0.624306 0.034375 0.148611
0 0.014453 0.513889 0.028906 0.080556
0 0.052734 0.510417 0.060156 0.098611
0 0.094141 0.478472 0.052344 0.087500
0 0.132812 0.417361 0.043750 0.070833
0 0.140234 0.354861 0.021094 0.029167
0 0.960156 0.590278 0.076563 0.225000
