0 0.026172 0.502778 0.052344 0.122222
0 0.057031 0.484028 0.062500 0.123611
0 0.119531 0.461806 0.060938 0.104167
0 0.068359 0.468056 0.058594 0.102778
0 0.157422 0.431250 0.047656 0.101389
0 0.186328 0.386806 0.036719 0.068056
0 0.194141 0.327778 0.019531 0.036111
0 0.063281 0.562500 0.087500 0.136111
0 0.171484 0.572917 0.096094 0.165278
0 0.272266 0.550694 0.096094 0.154167
0 0.403516 0.548611 0.096094 0.172222
0 0.450781 0.802083 0.176563 0.309722
0 0.261719 0.946528 0.223438 0.106944
0 0.400391 0.356250 0.042969 0.068056
0 0.528516 0.322917 0.038281 0.059722
0 0.560156 0.331944 0.045313 0.069444
0 0.539062 0.304861 0.035937 0.056944
0 0.598047 0.234722 0.019531 0.036111
0 0.652344 0.235417 0.021875 0.040278
