0 0.683984 0.220139 0.019531 0.031944
0 0.628516 0.220139 0.019531 0.031944
0 0.594141 0.315278 0.042969 0.075000
0 0.573047 0.295833 0.036719 0.069444
0 0.557422 0.313194 0.035156 0.056944
0 0.429688 0.345139 0.037500 0.070833
0 0.439844 0.520833 0.095312 0.163889
0 0.312500 0.525694 0.090625 0.145833
0 0.208984 0.552778 0.091406 0.175000
0 0.105078 0.536806 0.082031 0.134722
0 0.045313 0.481250 0.067188 0.120833
0 0.093750 0.452083 0.062500 0.090278
0 0.161719 0.429861 0.059375 0.095833
0 0.107813 0.441667 0.051562 0.111111
0 0.189844 0.411806 0.053125 0.084722
0 0.221875 0.357639 0.045313 0.065278
0 0.223438 0.308333 0.025000 0.044444
0 0.487891 0.767361 0.164844 0.298611
0 0.317187 0.914583 0.235938 0.170833
0 0.036719 0.728472 0.073437 0.248611
