0 0.239453 0.528472 0.091406 0.162500
0 0.136328 0.509722 0.085156 0.136111
0 0.057031 0.695139 0.114063 0.226389
0 0.077344 0.456250 0.067188 0.106944
0 0.125781 0.438194 0.060938 0.095833
0 0.136328 0.418056 0.058594 0.080556
0 0.187500 0.416667 0.056250 0.100000
0 0.220703 0.390278 0.047656 0.080556
0 0.250391 0.342361 0.038281 0.059722
0 0.250391 0.286111 0.021094 0.036111
0 0.333984 0.508333 0.088281 0.155556
0 0.465625 0.500000 0.096875 0.158333
0 0.455078 0.327778 0.042969 0.075000
0 0.579297 0.295139 0.038281 0.059722
0 0.618359 0.299306 0.044531 0.059722
0 0.593359 0.283333 0.036719 0.066667
0 0.651172 0.213889 0.019531 0.036111
0 0.707422 0.212500 0.024219 0.038889
0 0.517187 0.737500 0.176563 0.308333
0 0.350000 0.894444 0.246875 0.211111
