0 0.396875 0.872222 0.235938 0.255556
0 0.558203 0.701389 0.169531 0.294444
0 0.090234 0.645833 0.133594 0.222222
0 0.182422 0.481250 0.083594 0.137500
0 0.282813 0.493056 0.092188 0.152778
0 0.373828 0.475694 0.082031 0.148611
0 0.501953 0.472222 0.088281 0.163889
0 0.744141 0.190278 0.021094 0.027778
0 0.686328 0.186806 0.017969 0.020833
0 0.651953 0.283333 0.041406 0.075000
0 0.626562 0.251389 0.034375 0.052778
0 0.614062 0.268750 0.040625 0.070833
0 0.487500 0.306944 0.045313 0.075000
0 0.285156 0.268056 0.025000 0.036111
0 0.285937 0.315278 0.035937 0.066667
0 0.259375 0.367361 0.051562 0.084722
0 0.227734 0.383333 0.057031 0.094444
0 0.176172 0.390972 0.050781 0.093056
0 0.165625 0.410417 0.054688 0.104167
0 0.117969 0.422222 0.057813 0.105556
0 0.023047 0.413194 0.046094 0.095833
