0 0.561719 0.694444 0.162500 0.286111
0 0.396875 0.871528 0.239063 0.256944
0 0.087500 0.647222 0.132812 0.225000
0 0.022266 0.417361 0.044531 0.090278
0 0.177344 0.470139 0.081250 0.126389
0 0.120312 0.423611 0.059375 0.102778
0 0.171484 0.399306 0.061719 0.101389
0 0.230078 0.392361 0.047656 0.101389
0 0.258594 0.369444 0.050000 0.086111
0 0.283984 0.319444 0.036719 0.058333
0 0.287109 0.264583 0.021094 0.031944
0 0.280469 0.497222 0.089062 0.152778
0 0.374609 0.474306 0.083594 0.145833
0 0.501172 0.476389 0.099219 0.158333
0 0.489062 0.306944 0.040625 0.069444
0 0.615234 0.274306 0.038281 0.059722
0 0.651172 0.279861 0.046094 0.068056
0 0.628906 0.261806 0.034375 0.068056
0 0.687109 0.193056 0.016406 0.038889
0 0.747656 0.190278 0.021875 0.036111
