0 0.404297 0.860417 0.233594 0.279167
0 0.563281 0.700000 0.162500 0.313889
0 0.099219 0.640278 0.134375 0.222222
0 0.510156 0.468056 0.085938 0.158333
0 0.381641 0.468056 0.083594 0.147222
0 0.287500 0.489583 0.095312 0.159722
0 0.185156 0.469444 0.078125 0.136111
0 0.752734 0.188889 0.021094 0.033333
0 0.696094 0.186111 0.015625 0.027778
0 0.634766 0.256944 0.038281 0.058333
0 0.621094 0.263889 0.040625 0.072222
0 0.655859 0.275000 0.047656 0.086111
0 0.497656 0.298611 0.043750 0.069444
0 0.292578 0.265278 0.025781 0.038889
0 0.292578 0.311111 0.039844 0.052778
0 0.267578 0.356250 0.049219 0.093056
0 0.235156 0.381250 0.056250 0.090278
0 0.183203 0.389583 0.057031 0.106944
0 0.171094 0.404861 0.056250 0.095833
0 0.126563 0.413889 0.056250 0.097222
0 0.025391 0.409722 0.050781 0.097222
