0 0.451562 0.837500 0.217187 0.325000
0 0.607813 0.661111 0.170312 0.311111
0 0.145703 0.588194 0.130469 0.204167
0 0.229297 0.438889 0.085156 0.133333
0 0.332031 0.457639 0.087500 0.154167
0 0.422656 0.435417 0.079687 0.140278
0 0.544922 0.443750 0.097656 0.173611
0 0.787500 0.172917 0.025000 0.040278
0 0.732813 0.175694 0.015625 0.031944
0 0.698047 0.256250 0.042969 0.079167
0 0.673828 0.233333 0.038281 0.063889
0 0.656641 0.252778 0.041406 0.066667
0 0.532031 0.281250 0.045313 0.079167
0 0.332422 0.233333 0.025781 0.047222
0 0.329297 0.288889 0.038281 0.055556
0 0.305078 0.331944 0.047656 0.083333
0 0.278125 0.347222 0.056250 0.094444
0 0.223828 0.368750 0.064844 0.104167
0 0.170312 0.384028 0.062500 0.101389
0 0.064844 0.376389 0.051562 0.091667
