0 0.855859 0.150000 0.022656 0.044444
0 0.791406 0.147917 0.017188 0.023611
0 0.732422 0.211111 0.033594 0.077778
0 0.715625 0.223611 0.037500 0.072222
0 0.757812 0.232639 0.043750 0.073611
0 0.592578 0.246528 0.042969 0.076389
0 0.389844 0.204167 0.018750 0.025000
0 0.392188 0.256944 0.035937 0.058333
0 0.367188 0.290972 0.050000 0.084722
0 0.339063 0.310417 0.056250 0.101389
0 0.289844 0.315278 0.060938 0.094444
0 0.244141 0.338889 0.066406 0.091667
0 0.140234 0.327778 0.061719 0.091667
0 0.053906 0.450000 0.079687 0.166667
0 0.031641 0.470139 0.063281 0.154167
0 0.224609 0.518056 0.125781 0.208333
0 0.296094 0.387500 0.082813 0.125000
0 0.395703 0.402083 0.083594 0.151389
0 0.479688 0.388194 0.079687 0.148611
0 0.608203 0.397222 0.096094 0.161111
0 0.668750 0.586111 0.167187 0.288889
0 0.521875 0.769444 0.215625 0.383333
