0 0.863672 0.147917 0.024219 0.031944
0 0.530078 0.752778 0.208594 0.386111
0 0.671094 0.573611 0.165625 0.286111
0 0.616016 0.390278 0.089844 0.152778
0 0.489844 0.388194 0.081250 0.148611
0 0.401953 0.399306 0.083594 0.156944
0 0.233984 0.501389 0.117969 0.197222
0 0.059766 0.438194 0.080469 0.151389
0 0.304688 0.381250 0.075000 0.129167
0 0.246094 0.331250 0.056250 0.093056
0 0.146094 0.320833 0.050000 0.080556
0 0.036328 0.468056 0.072656 0.172222
0 0.294922 0.318056 0.060156 0.097222
0 0.344531 0.303472 0.050000 0.084722
0 0.374219 0.293056 0.050000 0.088889
0 0.396484 0.245833 0.036719 0.052778
0 0.394531 0.202083 0.017188 0.026389
0 0.598047 0.238889 0.041406 0.083333
0 0.801562 0.147917 0.017188 0.031944
0 0.767578 0.223611 0.036719 0.072222
0 0.743359 0.209722 0.038281 0.072222
0 0.728125 0.223611 0.042188 0.063889
