0 0.869922 0.148611 0.022656 0.033333
0 0.808594 0.144444 0.017188 0.030556
0 0.769922 0.220833 0.041406 0.072222
0 0.746484 0.196528 0.038281 0.062500
0 0.730859 0.211111 0.033594 0.052778
0 0.679688 0.558333 0.157813 0.280556
0 0.533594 0.738194 0.209375 0.373611
0 0.619141 0.381250 0.088281 0.154167
0 0.605078 0.235417 0.041406 0.068056
0 0.493359 0.382639 0.083594 0.140278
0 0.407031 0.389583 0.082813 0.154167
0 0.310937 0.369444 0.071875 0.130556
0 0.243750 0.490278 0.115625 0.191667
0 0.066797 0.429167 0.088281 0.144444
0 0.038672 0.446528 0.077344 0.168056
0 0.152344 0.310417 0.053125 0.084722
0 0.258594 0.325000 0.057813 0.097222
0 0.301172 0.304167 0.058594 0.088889
0 0.353906 0.295139 0.050000 0.084722
0 0.378125 0.278472 0.050000 0.068056
0 0.401172 0.244444 0.032031 0.055556
0 0.403906 0.200000 0.020312 0.030556
