0 0.419531 0.188194 0.017188 0.031944
0 0.421875 0.230556 0.031250 0.052778
0 0.396875 0.264583 0.045313 0.079167
0 0.370313 0.277778 0.051562 0.097222
0 0.322656 0.286111 0.065625 0.108333
0 0.273438 0.299306 0.056250 0.098611
0 0.172656 0.288194 0.050000 0.084722
0 0.089844 0.395833 0.082813 0.141667
0 0.048828 0.415278 0.097656 0.163889
0 0.260156 0.453472 0.115625 0.193056
0 0.327734 0.340972 0.075781 0.129167
0 0.425000 0.360417 0.079687 0.148611
0 0.511328 0.347917 0.078906 0.140278
0 0.637891 0.353472 0.088281 0.151389
0 0.694141 0.522222 0.164844 0.275000
0 0.550781 0.668750 0.200000 0.373611
0 0.621484 0.222917 0.038281 0.068056
0 0.750391 0.201389 0.038281 0.063889
0 0.791406 0.206944 0.039062 0.069444
0 0.765234 0.190278 0.032031 0.066667
0 0.826953 0.134722 0.013281 0.036111
0 0.888672 0.139583 0.021094 0.040278
