0 0.561719 0.617361 0.204688 0.365278
0 0.909766 0.127778 0.024219 0.025000
0 0.846875 0.124306 0.015625 0.031944
0 0.806250 0.197917 0.043750 0.073611
0 0.785156 0.179167 0.032812 0.058333
0 0.770703 0.188889 0.044531 0.066667
0 0.637109 0.207639 0.041406 0.068056
0 0.650781 0.329167 0.085938 0.147222
0 0.707031 0.477083 0.157813 0.270833
0 0.526563 0.326389 0.079687 0.141667
0 0.439453 0.333333 0.077344 0.150000
0 0.436719 0.175000 0.018750 0.027778
0 0.439453 0.212500 0.030469 0.050000
0 0.417578 0.241667 0.044531 0.077778
0 0.389844 0.261111 0.051562 0.091667
0 0.332422 0.265972 0.066406 0.101389
0 0.292188 0.282639 0.059375 0.101389
0 0.193750 0.269444 0.050000 0.083333
0 0.346094 0.317361 0.070312 0.123611
0 0.276172 0.420833 0.113281 0.194444
0 0.108203 0.366667 0.083594 0.147222
0 0.068750 0.382639 0.096875 0.168056
0 0.027344 0.357639 0.054688 0.168056
