0 0.558594 0.612500 0.201562 0.366667
0 0.908594 0.128472 0.018750 0.031944
0 0.849609 0.121528 0.016406 0.018056
0 0.808984 0.195139 0.042969 0.073611
0 0.784766 0.181250 0.038281 0.059722
0 0.768359 0.188194 0.039844 0.068056
0 0.640234 0.206944 0.038281 0.066667
0 0.650391 0.329861 0.091406 0.148611
0 0.705859 0.478472 0.160156 0.268056
0 0.528906 0.325000 0.076563 0.147222
0 0.441016 0.336111 0.080469 0.155556
0 0.435547 0.171528 0.016406 0.023611
0 0.438281 0.213194 0.029687 0.056944
0 0.413672 0.241667 0.042969 0.075000
0 0.386328 0.259028 0.053906 0.095833
0 0.335156 0.270139 0.057813 0.106944
0 0.346484 0.320833 0.075781 0.125000
0 0.285937 0.278472 0.051562 0.095833
0 0.278125 0.417361 0.114063 0.181944
0 0.190234 0.268750 0.046094 0.087500
0 0.108984 0.367361 0.074219 0.140278
0 0.068359 0.381944 0.096094 0.155556
0 0.028125 0.355556 0.056250 0.163889
