0 0.571094 0.570833 0.203125 0.380556
0 0.721094 0.446528 0.156250 0.273611
0 0.670703 0.306944 0.094531 0.163889
0 0.542578 0.309028 0.083594 0.143056
0 0.455469 0.311111 0.085938 0.141667
0 0.362109 0.293750 0.074219 0.129167
0 0.291797 0.387500 0.107031 0.188889
0 0.083203 0.353472 0.096094 0.154167
0 0.125781 0.336806 0.081250 0.145833
0 0.032422 0.343750 0.064844 0.148611
0 0.034375 0.307639 0.064062 0.123611
0 0.210938 0.252778 0.050000 0.080556
0 0.306250 0.257639 0.053125 0.095833
0 0.654688 0.193750 0.040625 0.068056
0 0.788281 0.179167 0.035937 0.061111
0 0.828516 0.186111 0.041406 0.077778
0 0.803125 0.162500 0.029687 0.052778
0 0.867578 0.121528 0.017969 0.037500
0 0.931250 0.120833 0.025000 0.036111
0 0.451562 0.168056 0.018750 0.019444
0 0.455469 0.200000 0.029687 0.050000
0 0.431250 0.222917 0.045313 0.070833
0 0.403516 0.239583 0.057031 0.095833
0 0.346875 0.252778 0.067188 0.102778
