0 0.937500 0.120833 0.025000 0.030556
0 0.874609 0.117361 0.016406 0.029167
0 0.832031 0.183333 0.045313 0.069444
0 0.792969 0.175000 0.042188 0.066667
0 0.812109 0.163889 0.032031 0.055556
0 0.658594 0.189583 0.042188 0.070833
0 0.674609 0.304167 0.092969 0.158333
0 0.723437 0.434722 0.160938 0.261111
0 0.575391 0.557639 0.205469 0.362500
0 0.546875 0.299306 0.082813 0.143056
0 0.457031 0.161111 0.015625 0.033333
0 0.458594 0.200000 0.032812 0.055556
0 0.437891 0.225694 0.038281 0.068056
0 0.409375 0.237500 0.056250 0.086111
0 0.357812 0.251389 0.071875 0.105556
0 0.312891 0.252778 0.057031 0.088889
0 0.366016 0.294444 0.074219 0.119444
0 0.460938 0.305556 0.084375 0.141667
0 0.296094 0.377778 0.115625 0.188889
0 0.212891 0.241667 0.046094 0.086111
0 0.134375 0.331250 0.079687 0.143056
0 0.088672 0.345833 0.094531 0.163889
0 0.040234 0.304861 0.072656 0.109722
0 0.026172 0.340972 0.052344 0.134722
0 0.023047 0.497222 0.046094 0.205556
