0 0.580469 0.555556 0.210938 0.372222
0 0.733984 0.425694 0.161719 0.270833
0 0.678125 0.298611 0.089062 0.155556
0 0.464063 0.153472 0.015625 0.029167
0 0.466797 0.192361 0.032031 0.056944
0 0.444141 0.224306 0.044531 0.081944
0 0.415625 0.227778 0.053125 0.091667
0 0.364062 0.236111 0.056250 0.105556
0 0.313281 0.251389 0.053125 0.105556
0 0.371094 0.283333 0.073437 0.122222
0 0.220703 0.240972 0.050781 0.084722
0 0.301562 0.372917 0.109375 0.184722
0 0.466406 0.300000 0.082813 0.147222
0 0.551953 0.296528 0.077344 0.148611
0 0.138672 0.321528 0.075781 0.143056
0 0.097656 0.339583 0.092188 0.148611
0 0.048047 0.302778 0.067969 0.125000
0 0.035156 0.336111 0.070312 0.152778
0 0.023828 0.490972 0.047656 0.215278
0 0.665625 0.184722 0.039062 0.066667
0 0.820312 0.164583 0.037500 0.059722
0 0.799219 0.171528 0.032812 0.062500
0 0.837891 0.178472 0.047656 0.059722
0 0.882031 0.113889 0.017188 0.044444
0 0.941406 0.122222 0.028125 0.038889
