0 0.901563 0.113194 0.017188 0.034722
0 0.967578 0.118056 0.024219 0.041667
0 0.837500 0.157639 0.035937 0.051389
0 0.819922 0.169444 0.036719 0.058333
0 0.860156 0.172917 0.040625 0.068056
0 0.685938 0.178472 0.037500 0.059722
0 0.483594 0.145139 0.017188 0.026389
0 0.484766 0.187500 0.035156 0.055556
0 0.458203 0.215278 0.046094 0.086111
0 0.433594 0.216667 0.056250 0.088889
0 0.382031 0.231250 0.062500 0.106944
0 0.339063 0.238194 0.067188 0.090278
0 0.388281 0.268750 0.070312 0.123611
0 0.239844 0.225000 0.056250 0.086111
0 0.317578 0.353472 0.116406 0.184722
0 0.483594 0.281250 0.085938 0.145833
0 0.567578 0.275694 0.080469 0.156944
0 0.696484 0.287500 0.091406 0.158333
0 0.747656 0.410417 0.157813 0.273611
0 0.595703 0.527083 0.207031 0.362500
0 0.114453 0.320833 0.091406 0.152778
0 0.038281 0.315972 0.075000 0.143056
0 0.068359 0.281250 0.071094 0.126389
0 0.020312 0.261111 0.040625 0.105556
0 0.154297 0.309028 0.085156 0.143056
0 0.033594 0.450000 0.067188 0.233333
