0 0.957812 0.113889 0.017188 0.030556
0 0.890625 0.159028 0.039062 0.059722
0 0.871094 0.161806 0.042188 0.070833
0 0.914453 0.169444 0.041406 0.075000
0 0.737891 0.172917 0.046094 0.068056
0 0.530469 0.135417 0.018750 0.029167
0 0.532422 0.171528 0.032031 0.051389
0 0.510156 0.197917 0.048437 0.076389
0 0.480859 0.202778 0.047656 0.094444
0 0.432422 0.209028 0.053906 0.090278
0 0.383203 0.215972 0.053906 0.084722
0 0.287500 0.205556 0.048437 0.080556
0 0.216016 0.269444 0.075781 0.133333
0 0.170703 0.289583 0.085156 0.148611
0 0.119141 0.246528 0.067969 0.095833
0 0.092188 0.286111 0.079687 0.136111
0 0.061719 0.229861 0.051562 0.095833
0 0.036719 0.238194 0.073437 0.120833
0 0.037891 0.308333 0.075781 0.133333
0 0.060938 0.416667 0.121875 0.244444
0 0.371875 0.329861 0.104687 0.179167
0 0.437891 0.254167 0.071094 0.113889
0 0.530859 0.269444 0.083594 0.152778
0 0.619141 0.263194 0.083594 0.137500
0 0.750391 0.272222 0.096094 0.155556
0 0.801953 0.402778 0.167969 0.277778
0 0.649219 0.508333 0.198437 0.355556
