0 0.970312 0.112500 0.023438 0.033333
0 0.924609 0.173611 0.050781 0.077778
0 0.902344 0.158333 0.040625 0.066667
0 0.882422 0.161806 0.041406 0.065278
0 0.746484 0.172222 0.041406 0.072222
0 0.759766 0.274306 0.096094 0.154167
0 0.812891 0.405556 0.164844 0.272222
0 0.658594 0.506250 0.209375 0.368056
0 0.628125 0.262500 0.085938 0.150000
0 0.538672 0.133333 0.022656 0.030556
0 0.537500 0.170139 0.032812 0.056944
0 0.520312 0.195139 0.048437 0.093056
0 0.490625 0.202778 0.051562 0.097222
0 0.438281 0.207639 0.051562 0.093056
0 0.392969 0.212500 0.051562 0.094444
0 0.299219 0.207639 0.046875 0.087500
0 0.226172 0.279861 0.067969 0.134722
0 0.182031 0.289583 0.092188 0.154167
0 0.133203 0.252778 0.071094 0.127778
0 0.101953 0.289583 0.082031 0.148611
0 0.063281 0.236111 0.075000 0.125000
0 0.039062 0.261806 0.078125 0.118056
0 0.041797 0.305556 0.083594 0.147222
0 0.074219 0.418056 0.148438 0.250000
0 0.382812 0.327778 0.104687 0.183333
0 0.446484 0.252083 0.072656 0.129167
0 0.541406 0.269444 0.082813 0.141667
