0 0.987109 0.109028 0.021094 0.031944
0 0.938281 0.169444 0.048437 0.077778
0 0.916016 0.152083 0.035156 0.059722
0 0.896875 0.162500 0.040625 0.063889
0 0.760156 0.170139 0.040625 0.062500
0 0.548437 0.129861 0.021875 0.029167
0 0.552734 0.170139 0.035156 0.048611
0 0.531250 0.186806 0.040625 0.062500
0 0.505469 0.200694 0.054688 0.098611
0 0.451172 0.205556 0.060156 0.100000
0 0.408203 0.205556 0.063281 0.080556
0 0.314844 0.196528 0.051562 0.081944
0 0.234375 0.269444 0.079687 0.136111
0 0.199609 0.282639 0.088281 0.143056
0 0.150781 0.240972 0.060938 0.098611
0 0.091797 0.216667 0.053906 0.097222
0 0.053516 0.237500 0.067969 0.091667
0 0.052344 0.306250 0.104687 0.148611
0 0.075781 0.413889 0.151562 0.247222
0 0.123047 0.279167 0.088281 0.141667
0 0.394922 0.327778 0.107031 0.183333
0 0.460547 0.250000 0.072656 0.116667
0 0.552734 0.264583 0.080469 0.145833
0 0.642187 0.261806 0.081250 0.137500
0 0.771094 0.272222 0.096875 0.150000
0 0.826953 0.411111 0.158594 0.275000
0 0.674609 0.504861 0.203906 0.362500
