0 0.973047 0.174306 0.046094 0.084722
0 0.945703 0.156250 0.033594 0.062500
0 0.928125 0.164583 0.035937 0.068056
0 0.787500 0.161806 0.040625 0.070833
0 0.573828 0.124306 0.024219 0.031944
0 0.582812 0.163889 0.032812 0.050000
0 0.557031 0.197222 0.051562 0.086111
0 0.531250 0.204167 0.056250 0.091667
0 0.483594 0.203472 0.057813 0.095833
0 0.434375 0.207639 0.053125 0.079167
0 0.495313 0.248611 0.078125 0.127778
0 0.425781 0.322917 0.106250 0.181944
0 0.340234 0.193750 0.047656 0.084722
0 0.269141 0.263889 0.074219 0.133333
0 0.230078 0.275000 0.086719 0.144444
0 0.158984 0.276389 0.083594 0.136111
0 0.178906 0.243056 0.071875 0.111111
0 0.073828 0.300694 0.092969 0.151389
0 0.091406 0.243750 0.073437 0.118056
0 0.112500 0.202083 0.062500 0.076389
0 0.110547 0.402083 0.149219 0.248611
0 0.582031 0.261806 0.087500 0.140278
0 0.669531 0.261111 0.079687 0.152778
0 0.804688 0.280556 0.101562 0.166667
0 0.860937 0.404167 0.173438 0.277778
0 0.711328 0.500000 0.202344 0.352778
