0 0.087109 0.208333 0.053906 0.077778
0 0.080859 0.395139 0.138281 0.254167
0 0.066797 0.435417 0.133594 0.262500
0 0.220703 0.393056 0.136719 0.230556
0 0.180078 0.290972 0.088281 0.129167
0 0.187109 0.232639 0.063281 0.090278
0 0.189453 0.203472 0.044531 0.076389
0 0.214844 0.198611 0.060938 0.075000
0 0.253906 0.261806 0.081250 0.129167
0 0.269922 0.226389 0.061719 0.102778
0 0.326172 0.275694 0.083594 0.137500
0 0.358984 0.262500 0.080469 0.130556
0 0.423828 0.195139 0.053906 0.081944
0 0.654297 0.122917 0.019531 0.034722
0 0.659375 0.162500 0.037500 0.052778
0 0.635938 0.189583 0.050000 0.081944
0 0.610547 0.190972 0.049219 0.079167
0 0.564062 0.210417 0.064062 0.101389
0 0.520703 0.209722 0.053906 0.091667
0 0.572656 0.246528 0.076563 0.129167
0 0.517187 0.326389 0.110937 0.191667
0 0.671875 0.265972 0.085938 0.148611
0 0.761719 0.265972 0.085938 0.148611
0 0.876562 0.177083 0.053125 0.081944
0 0.896875 0.289583 0.095312 0.173611
0 0.937500 0.420833 0.121875 0.280556
0 0.811328 0.525694 0.213281 0.368056
