0 0.130469 0.206944 0.054688 0.086111
0 0.100781 0.438194 0.162500 0.262500
0 0.036719 0.407639 0.073437 0.240278
0 0.139844 0.381944 0.125000 0.222222
0 0.226172 0.295833 0.094531 0.155556
0 0.269141 0.380556 0.136719 0.211111
0 0.294141 0.261806 0.069531 0.118056
0 0.364062 0.275694 0.078125 0.156944
0 0.398438 0.259028 0.073437 0.129167
0 0.312109 0.216667 0.052344 0.097222
0 0.239063 0.207639 0.082813 0.112500
0 0.462109 0.195139 0.049219 0.079167
0 0.551953 0.213194 0.063281 0.090278
0 0.610547 0.253472 0.075781 0.118056
0 0.557813 0.328472 0.098438 0.187500
0 0.599609 0.202778 0.053906 0.097222
0 0.650391 0.202778 0.052344 0.094444
0 0.678906 0.184028 0.035937 0.068056
0 0.695312 0.159028 0.035937 0.056944
0 0.689844 0.127778 0.015625 0.041667
0 0.705469 0.275000 0.093750 0.152778
0 0.802344 0.268056 0.089062 0.138889
0 0.916016 0.174306 0.041406 0.068056
0 0.940625 0.286111 0.106250 0.150000
0 0.960938 0.441667 0.075000 0.280556
0 0.855469 0.536806 0.221875 0.354167
