0 0.725391 0.125694 0.016406 0.037500
0 0.733594 0.157639 0.032812 0.051389
0 0.712500 0.190972 0.039062 0.081944
0 0.682813 0.197917 0.053125 0.093056
0 0.651172 0.256250 0.072656 0.123611
0 0.637109 0.209722 0.063281 0.100000
0 0.591406 0.206944 0.057813 0.086111
0 0.497266 0.194444 0.047656 0.086111
0 0.593359 0.321528 0.105469 0.170833
0 0.747266 0.271528 0.086719 0.145833
0 0.841406 0.272917 0.092188 0.148611
0 0.957031 0.179861 0.045313 0.076389
0 0.960547 0.298611 0.075781 0.163889
0 0.894531 0.536806 0.206250 0.343056
0 0.405078 0.276389 0.080469 0.130556
0 0.434766 0.263889 0.075781 0.133333
0 0.333594 0.264583 0.082813 0.115278
0 0.347656 0.224306 0.071875 0.120833
0 0.281250 0.219444 0.087500 0.130556
0 0.269141 0.285417 0.092969 0.140278
0 0.319141 0.393750 0.128906 0.212500
0 0.186719 0.384028 0.134375 0.237500
0 0.151172 0.425000 0.153906 0.252778
0 0.057813 0.415972 0.115625 0.234722
0 0.048437 0.313889 0.096875 0.191667
0 0.175781 0.205556 0.053125 0.088889
