0 0.760938 0.125694 0.017188 0.037500
0 0.771094 0.163194 0.034375 0.062500
0 0.750391 0.191667 0.047656 0.080556
0 0.720703 0.205556 0.049219 0.083333
0 0.670313 0.207639 0.059375 0.104167
0 0.627734 0.205556 0.055469 0.088889
0 0.689453 0.256250 0.077344 0.123611
0 0.633203 0.334722 0.105469 0.169444
0 0.531641 0.190972 0.047656 0.081944
0 0.475000 0.267361 0.070312 0.126389
0 0.439844 0.272222 0.078125 0.138889
0 0.390234 0.218056 0.052344 0.080556
0 0.375781 0.260417 0.076563 0.115278
0 0.314844 0.297222 0.087500 0.144444
0 0.312109 0.225694 0.066406 0.084722
0 0.301172 0.179861 0.039844 0.048611
0 0.339063 0.183333 0.045313 0.058333
0 0.357812 0.391667 0.126563 0.227778
0 0.233984 0.377083 0.125781 0.212500
0 0.199219 0.420139 0.154687 0.237500
0 0.212500 0.202778 0.057813 0.094444
0 0.092578 0.395139 0.128906 0.234722
0 0.091016 0.293750 0.094531 0.154167
0 0.784375 0.276389 0.089062 0.150000
0 0.877734 0.279167 0.088281 0.141667
0 0.989062 0.182639 0.018750 0.084722
0 0.983984 0.307639 0.028906 0.151389
0 0.910547 0.546528 0.175781 0.343056
