0 0.966016 0.309722 0.064844 0.155556
0 0.958203 0.585417 0.080469 0.337500
0 0.883984 0.304861 0.088281 0.148611
0 0.868359 0.131944 0.016406 0.027778
0 0.871484 0.176389 0.033594 0.055556
0 0.847266 0.204167 0.053906 0.063889
0 0.821484 0.211806 0.050781 0.087500
0 0.767187 0.212500 0.056250 0.094444
0 0.785156 0.267361 0.070312 0.118056
0 0.720312 0.221528 0.053125 0.084722
0 0.729297 0.349306 0.102344 0.181944
0 0.626172 0.196528 0.041406 0.070833
0 0.567187 0.273611 0.065625 0.125000
0 0.538672 0.275000 0.082031 0.133333
0 0.482812 0.222917 0.051562 0.101389
0 0.467969 0.268750 0.075000 0.115278
0 0.408594 0.231944 0.056250 0.077778
0 0.435547 0.193750 0.038281 0.065278
0 0.403125 0.198611 0.040625 0.086111
0 0.457422 0.401389 0.116406 0.213889
0 0.309766 0.417361 0.125781 0.218056
0 0.413281 0.289583 0.075000 0.123611
0 0.337891 0.390972 0.107031 0.204167
0 0.317578 0.202778 0.050781 0.086111
0 0.203516 0.288194 0.086719 0.126389
0 0.216406 0.400000 0.128125 0.225000
0 0.096875 0.278472 0.087500 0.123611
0 0.044531 0.393750 0.089062 0.220833
