0 0.965234 0.137500 0.017969 0.036111
0 0.967969 0.189583 0.040625 0.065278
0 0.946094 0.219444 0.048437 0.086111
0 0.910937 0.229167 0.053125 0.091667
0 0.859375 0.228472 0.057813 0.101389
0 0.807422 0.231250 0.053906 0.101389
0 0.712109 0.206250 0.050781 0.076389
0 0.804297 0.365278 0.100781 0.169444
0 0.869922 0.287500 0.074219 0.133333
0 0.962500 0.316667 0.075000 0.152778
0 0.046484 0.286806 0.086719 0.151389
0 0.060938 0.363194 0.106250 0.195833
0 0.111328 0.392361 0.130469 0.209722
0 0.192188 0.270833 0.075000 0.125000
0 0.298047 0.288194 0.080469 0.129167
0 0.302344 0.395139 0.112500 0.206944
0 0.391016 0.420139 0.132031 0.223611
0 0.417578 0.386806 0.116406 0.187500
0 0.535547 0.406944 0.117969 0.202778
0 0.617188 0.289583 0.073437 0.126389
0 0.648438 0.279861 0.070312 0.129167
0 0.549609 0.273611 0.069531 0.127778
0 0.490625 0.295139 0.081250 0.134722
0 0.493750 0.232639 0.056250 0.095833
0 0.518750 0.200000 0.042188 0.075000
0 0.489453 0.189583 0.039844 0.065278
0 0.403125 0.206250 0.045313 0.081944
0 0.567578 0.225000 0.052344 0.088889
