0 0.064062 0.282639 0.084375 0.140278
0 0.078125 0.364583 0.106250 0.198611
0 0.128125 0.384028 0.128125 0.206944
0 0.207031 0.266667 0.075000 0.130556
0 0.312500 0.281944 0.078125 0.125000
0 0.318359 0.393056 0.119531 0.202778
0 0.407813 0.418056 0.131250 0.222222
0 0.431250 0.384028 0.107813 0.187500
0 0.545313 0.409028 0.117188 0.206944
0 0.415625 0.202778 0.043750 0.083333
0 0.501562 0.189583 0.032812 0.062500
0 0.531250 0.193056 0.043750 0.077778
0 0.505469 0.225694 0.056250 0.081944
0 0.504297 0.296528 0.075781 0.134722
0 0.566406 0.268056 0.068750 0.125000
0 0.579687 0.226389 0.059375 0.102778
0 0.628516 0.288889 0.080469 0.138889
0 0.665234 0.281250 0.064844 0.120833
0 0.726953 0.205556 0.046094 0.088889
0 0.819141 0.363194 0.105469 0.168056
0 0.883203 0.286111 0.080469 0.136111
0 0.822656 0.231944 0.056250 0.097222
0 0.872266 0.229167 0.063281 0.102778
0 0.928125 0.232639 0.056250 0.095833
0 0.960938 0.222222 0.050000 0.091667
0 0.983594 0.192361 0.032812 0.070833
0 0.970703 0.322917 0.058594 0.154167
0 0.985547 0.143056 0.025781 0.033333
