0 0.547266 0.404861 0.117969 0.201389
0 0.432031 0.382639 0.107813 0.193056
0 0.406250 0.415972 0.126563 0.215278
0 0.316406 0.388889 0.115625 0.202778
0 0.313672 0.289583 0.085156 0.137500
0 0.207031 0.268750 0.071875 0.123611
0 0.130469 0.384722 0.126563 0.205556
0 0.080469 0.365972 0.112500 0.198611
0 0.064062 0.286806 0.092188 0.151389
0 0.416016 0.201389 0.047656 0.083333
0 0.500000 0.187500 0.035937 0.066667
0 0.527344 0.199306 0.045313 0.073611
0 0.505078 0.227778 0.057031 0.077778
0 0.503125 0.294444 0.079687 0.127778
0 0.563672 0.272917 0.067969 0.123611
0 0.578516 0.228472 0.055469 0.095833
0 0.628906 0.292361 0.076563 0.140278
0 0.663281 0.279861 0.073437 0.134722
0 0.726953 0.202778 0.046094 0.083333
0 0.823438 0.233333 0.056250 0.102778
0 0.875000 0.231944 0.062500 0.108333
0 0.883203 0.288889 0.077344 0.136111
0 0.927344 0.231250 0.056250 0.106944
0 0.957422 0.218056 0.055469 0.088889
0 0.982031 0.190972 0.035937 0.073611
0 0.984375 0.143750 0.018750 0.043056
0 0.971094 0.325000 0.057813 0.155556
0 0.820312 0.362500 0.107813 0.172222
