0 0.082422 0.284028 0.086719 0.145833
0 0.098438 0.356250 0.106250 0.190278
0 0.146875 0.381944 0.118750 0.208333
0 0.220703 0.270833 0.072656 0.130556
0 0.324609 0.282639 0.078906 0.120833
0 0.330469 0.391667 0.121875 0.208333
0 0.420703 0.418056 0.125781 0.222222
0 0.442969 0.382639 0.109375 0.198611
0 0.558203 0.406944 0.114844 0.208333
0 0.429688 0.201389 0.045313 0.083333
0 0.515625 0.191667 0.039062 0.075000
0 0.540625 0.197222 0.039062 0.072222
0 0.516406 0.232639 0.059375 0.084722
0 0.516016 0.298611 0.080469 0.133333
0 0.575781 0.270833 0.070312 0.119444
0 0.592188 0.230556 0.056250 0.091667
0 0.644531 0.290972 0.078125 0.137500
0 0.676562 0.279861 0.071875 0.134722
0 0.741406 0.207639 0.046875 0.087500
0 0.837109 0.236806 0.053906 0.095833
0 0.889453 0.230556 0.064844 0.113889
0 0.898828 0.286806 0.078906 0.129167
0 0.938281 0.234722 0.054688 0.102778
0 0.972266 0.225694 0.055469 0.095833
0 0.978906 0.325694 0.042188 0.165278
0 0.835938 0.365972 0.106250 0.170833
0 0.996484 0.143750 0.007031 0.026389
