0 0.587109 0.407639 0.116406 0.204167
0 0.474219 0.380556 0.104687 0.191667
0 0.450000 0.413194 0.128125 0.215278
0 0.361719 0.383333 0.115625 0.197222
0 0.353906 0.286111 0.079687 0.133333
0 0.253516 0.265278 0.069531 0.125000
0 0.179297 0.371528 0.124219 0.187500
0 0.132031 0.354167 0.104687 0.177778
0 0.116016 0.279167 0.086719 0.163889
0 0.454688 0.200000 0.042188 0.075000
0 0.541016 0.192361 0.039844 0.068056
0 0.566016 0.200000 0.041406 0.077778
0 0.545313 0.229167 0.062500 0.080556
0 0.546094 0.306944 0.082813 0.138889
0 0.605469 0.272222 0.070312 0.119444
0 0.617188 0.229167 0.056250 0.091667
0 0.667188 0.284028 0.076563 0.123611
0 0.703125 0.283333 0.068750 0.122222
0 0.765234 0.211111 0.042969 0.088889
0 0.866406 0.241667 0.054688 0.105556
0 0.919141 0.239583 0.063281 0.109722
0 0.971875 0.238194 0.056250 0.106944
0 0.928906 0.293750 0.082813 0.129167
0 0.861719 0.376389 0.107813 0.183333
