0 0.133203 0.274306 0.086719 0.143056
0 0.148047 0.353472 0.103906 0.193056
0 0.198437 0.377778 0.120312 0.205556
0 0.265625 0.265972 0.071875 0.129167
0 0.368359 0.278472 0.077344 0.129167
0 0.373437 0.384722 0.112500 0.194444
0 0.464453 0.413889 0.127344 0.216667
0 0.486328 0.373611 0.110156 0.186111
0 0.602734 0.408333 0.114844 0.216667
0 0.470313 0.197222 0.048437 0.086111
0 0.587891 0.200694 0.000781 0.001389
0 0.554297 0.188889 0.039844 0.066667
0 0.580859 0.200694 0.042969 0.076389
0 0.558594 0.227778 0.057813 0.077778
0 0.558594 0.292361 0.079687 0.120833
0 0.617578 0.275000 0.071094 0.122222
0 0.633203 0.231250 0.053906 0.090278
0 0.682422 0.290972 0.078906 0.137500
0 0.717188 0.280556 0.068750 0.127778
0 0.780469 0.211806 0.045313 0.081944
0 0.879297 0.240972 0.050781 0.098611
0 0.931641 0.236806 0.064844 0.109722
0 0.980078 0.236111 0.039844 0.119444
0 0.944141 0.293750 0.082031 0.131944
0 0.877344 0.375000 0.109375 0.186111
