0 0.060938 0.573611 0.121875 0.352778
0 0.178125 0.261806 0.079687 0.129167
0 0.200000 0.337500 0.109375 0.169444
0 0.243750 0.360417 0.114063 0.195833
0 0.308203 0.255556 0.074219 0.127778
0 0.408984 0.277083 0.080469 0.131944
0 0.418359 0.383333 0.113281 0.202778
0 0.506250 0.408333 0.123438 0.208333
0 0.528516 0.378472 0.111719 0.195833
0 0.644531 0.406250 0.117188 0.209722
0 0.507031 0.197222 0.051562 0.086111
0 0.592969 0.188889 0.045313 0.069444
0 0.616406 0.202778 0.043750 0.075000
0 0.599219 0.229861 0.054688 0.073611
0 0.598828 0.296528 0.074219 0.131944
0 0.660156 0.273611 0.068750 0.125000
0 0.669531 0.229167 0.053125 0.088889
0 0.723047 0.293056 0.077344 0.133333
0 0.758203 0.284722 0.067969 0.136111
0 0.819141 0.213194 0.044531 0.081944
0 0.925000 0.243750 0.064062 0.095833
0 0.970703 0.246528 0.058594 0.118056
0 0.971484 0.303472 0.057031 0.131944
0 0.921094 0.381250 0.114063 0.187500
