0 0.077734 0.554167 0.155469 0.358333
0 0.667578 0.397222 0.125781 0.202778
0 0.550391 0.375694 0.110156 0.201389
0 0.531250 0.398611 0.121875 0.211111
0 0.444922 0.366667 0.107031 0.197222
0 0.433984 0.273611 0.077344 0.122222
0 0.335156 0.257639 0.070312 0.129167
0 0.274219 0.354167 0.110937 0.194444
0 0.229297 0.332639 0.103906 0.176389
0 0.204688 0.258333 0.079687 0.130556
0 0.944922 0.379167 0.110156 0.180556
0 0.949609 0.245833 0.058594 0.097222
0 0.846484 0.218056 0.057031 0.083333
0 0.784375 0.286806 0.068750 0.126389
0 0.747266 0.291667 0.077344 0.138889
0 0.681641 0.261111 0.067969 0.100000
0 0.694141 0.230556 0.057031 0.100000
0 0.621094 0.228472 0.054688 0.093056
0 0.623438 0.284722 0.084375 0.136111
0 0.639453 0.202083 0.044531 0.079167
0 0.618750 0.191667 0.040625 0.075000
0 0.530859 0.197222 0.046094 0.077778
