0 0.092578 0.527083 0.185156 0.351389
0 0.957031 0.379167 0.085938 0.177778
0 0.972656 0.253472 0.054688 0.095833
0 0.871875 0.219444 0.048437 0.080556
0 0.806641 0.284028 0.071094 0.123611
0 0.773047 0.288194 0.078906 0.131944
0 0.646875 0.293056 0.084375 0.141667
0 0.702344 0.268750 0.071875 0.118056
0 0.720312 0.232639 0.057813 0.087500
0 0.643750 0.229167 0.064062 0.097222
0 0.666016 0.198611 0.050781 0.075000
0 0.639453 0.186806 0.046094 0.079167
0 0.553516 0.193056 0.044531 0.083333
0 0.357031 0.246528 0.071875 0.115278
0 0.298828 0.342361 0.113281 0.187500
0 0.253906 0.320833 0.103125 0.177778
0 0.229297 0.252083 0.075781 0.126389
0 0.456250 0.265278 0.078125 0.119444
0 0.469141 0.367361 0.113281 0.198611
0 0.556641 0.395833 0.124219 0.213889
0 0.576953 0.352778 0.111719 0.172222
0 0.691797 0.389583 0.124219 0.212500
