0 0.109766 0.518056 0.203906 0.336111
0 0.253125 0.242361 0.076563 0.112500
0 0.274219 0.313889 0.092188 0.175000
0 0.323047 0.338194 0.108594 0.184722
0 0.381250 0.248611 0.070312 0.119444
0 0.475781 0.262500 0.073437 0.127778
0 0.490234 0.362500 0.108594 0.186111
0 0.577344 0.388889 0.120312 0.211111
0 0.600391 0.365972 0.111719 0.201389
0 0.716797 0.388889 0.116406 0.208333
0 0.667969 0.293056 0.078125 0.138889
0 0.728125 0.270139 0.075000 0.118056
0 0.795313 0.290278 0.079687 0.136111
0 0.831250 0.287500 0.076563 0.130556
0 0.896094 0.222222 0.045313 0.091667
0 0.986719 0.250000 0.026563 0.108333
0 0.970703 0.390278 0.058594 0.197222
0 0.741016 0.235417 0.058594 0.093056
0 0.667188 0.230556 0.057813 0.086111
0 0.685156 0.194444 0.053125 0.077778
0 0.660156 0.188194 0.045313 0.070833
0 0.574609 0.195139 0.046094 0.076389
