0 0.122266 0.502778 0.199219 0.344444
0 0.585156 0.195833 0.045313 0.083333
0 0.669531 0.187500 0.046875 0.063889
0 0.694922 0.201389 0.042969 0.072222
0 0.677734 0.227083 0.060156 0.081944
0 0.676172 0.293750 0.074219 0.129167
0 0.734766 0.274306 0.071094 0.126389
0 0.751562 0.241667 0.065625 0.113889
0 0.806250 0.297222 0.079687 0.133333
0 0.839453 0.284028 0.067969 0.131944
0 0.906641 0.223611 0.053906 0.086111
0 0.992188 0.256250 0.015625 0.087500
0 0.976172 0.392361 0.047656 0.190278
0 0.724609 0.388194 0.121094 0.204167
0 0.610547 0.356944 0.100781 0.191667
0 0.588672 0.391667 0.124219 0.200000
0 0.500781 0.358333 0.110937 0.200000
0 0.489062 0.272917 0.081250 0.137500
0 0.391016 0.241667 0.064844 0.111111
0 0.334766 0.331944 0.108594 0.172222
0 0.290234 0.315972 0.097656 0.176389
0 0.268750 0.246528 0.079687 0.123611
