0 0.147656 0.494444 0.198437 0.327778
0 0.288281 0.233333 0.071875 0.116667
0 0.313672 0.304167 0.099219 0.161111
0 0.355469 0.330556 0.110937 0.186111
0 0.412891 0.238194 0.069531 0.104167
0 0.510938 0.262500 0.076563 0.122222
0 0.521875 0.356250 0.112500 0.187500
0 0.606250 0.390278 0.125000 0.216667
0 0.633203 0.354861 0.108594 0.181944
0 0.747656 0.391667 0.115625 0.200000
0 0.929297 0.226389 0.055469 0.086111
0 0.858984 0.288194 0.075781 0.131944
0 0.826172 0.295139 0.075781 0.126389
0 0.771484 0.230556 0.057031 0.097222
0 0.756250 0.263194 0.065625 0.101389
0 0.696875 0.290278 0.073437 0.136111
0 0.696875 0.231944 0.051562 0.094444
0 0.724219 0.197222 0.043750 0.069444
0 0.692187 0.193750 0.037500 0.076389
0 0.603516 0.194444 0.049219 0.080556
