0 0.163281 0.490278 0.204688 0.327778
0 0.301953 0.239583 0.075781 0.123611
0 0.326562 0.302778 0.100000 0.158333
0 0.366406 0.327083 0.104687 0.176389
0 0.422266 0.241667 0.067969 0.125000
0 0.517578 0.270833 0.072656 0.141667
0 0.529688 0.354861 0.107813 0.187500
0 0.616406 0.386111 0.126563 0.213889
0 0.639453 0.358333 0.108594 0.188889
0 0.754687 0.392361 0.118750 0.204167
0 0.937891 0.225694 0.052344 0.090278
0 0.872656 0.294444 0.070312 0.127778
0 0.837109 0.281944 0.080469 0.119444
0 0.768359 0.267361 0.072656 0.104167
0 0.776953 0.236111 0.063281 0.102778
0 0.707031 0.291667 0.075000 0.138889
0 0.703906 0.232639 0.060938 0.101389
0 0.729297 0.200694 0.044531 0.073611
0 0.699609 0.200000 0.042969 0.075000
0 0.612500 0.195139 0.046875 0.090278
