0 0.221094 0.465278 0.190625 0.313889
0 0.347266 0.233333 0.067969 0.111111
0 0.372656 0.302778 0.089062 0.175000
0 0.410937 0.322222 0.101562 0.175000
0 0.471094 0.240972 0.068750 0.118056
0 0.564844 0.265972 0.071875 0.134722
0 0.580469 0.348611 0.110937 0.183333
0 0.666016 0.384722 0.125781 0.205556
0 0.688672 0.355556 0.102344 0.186111
0 0.803906 0.395139 0.120312 0.204167
0 0.658984 0.197222 0.041406 0.080556
0 0.747266 0.197917 0.038281 0.065278
0 0.776953 0.204861 0.041406 0.070833
0 0.752734 0.237500 0.061719 0.091667
0 0.751172 0.288194 0.078906 0.104167
0 0.816406 0.277083 0.073437 0.120833
0 0.832812 0.246528 0.057813 0.104167
0 0.885938 0.303472 0.084375 0.145833
0 0.919531 0.297917 0.076563 0.143056
0 0.982422 0.242361 0.035156 0.084722
