0 0.235938 0.465278 0.181250 0.311111
0 0.358203 0.231250 0.071094 0.118056
0 0.382031 0.302083 0.092188 0.170833
0 0.424219 0.322917 0.100000 0.181944
0 0.478125 0.240278 0.065625 0.113889
0 0.813672 0.396528 0.121094 0.209722
0 0.696484 0.363889 0.111719 0.191667
0 0.676562 0.381944 0.123438 0.200000
0 0.587891 0.354167 0.105469 0.205556
0 0.571094 0.266667 0.076563 0.122222
0 0.668359 0.202778 0.049219 0.083333
0 0.756641 0.200694 0.038281 0.070833
0 0.781641 0.206944 0.047656 0.069444
0 0.760156 0.234028 0.057813 0.087500
0 0.760156 0.281944 0.071875 0.111111
0 0.826563 0.278472 0.073437 0.118056
0 0.835938 0.244444 0.062500 0.094444
0 0.890625 0.302083 0.079687 0.145833
0 0.930078 0.302778 0.074219 0.133333
0 0.985547 0.247222 0.028906 0.094444
