0 0.257812 0.458333 0.182812 0.319444
0 0.443359 0.320833 0.102344 0.183333
0 0.400781 0.300694 0.090625 0.168056
0 0.372656 0.231250 0.068750 0.120833
0 0.495703 0.240972 0.063281 0.126389
0 0.591797 0.261111 0.077344 0.130556
0 0.607031 0.352778 0.107813 0.188889
0 0.693359 0.386806 0.124219 0.209722
0 0.716406 0.367361 0.112500 0.198611
0 0.831641 0.397222 0.111719 0.202778
0 0.911719 0.309722 0.084375 0.130556
0 0.951563 0.306250 0.076563 0.131944
0 0.840625 0.288194 0.070312 0.112500
0 0.852344 0.256944 0.065625 0.111111
0 0.782031 0.300694 0.081250 0.131944
0 0.780859 0.244444 0.061719 0.088889
0 0.802344 0.217361 0.045313 0.076389
0 0.770703 0.206944 0.042969 0.066667
0 0.685156 0.201389 0.050000 0.075000
