0 0.693750 0.206944 0.048437 0.086111
0 0.781250 0.204167 0.048437 0.072222
0 0.808594 0.219444 0.051562 0.072222
0 0.784375 0.243056 0.060938 0.080556
0 0.787109 0.300694 0.077344 0.131944
0 0.849219 0.280556 0.073437 0.116667
0 0.863281 0.248611 0.054688 0.100000
0 0.922656 0.316667 0.079687 0.144444
0 0.960938 0.312500 0.078125 0.144444
0 0.838672 0.396528 0.119531 0.204167
0 0.723437 0.366667 0.104687 0.194444
0 0.697656 0.390972 0.125000 0.212500
0 0.614844 0.347917 0.110937 0.179167
0 0.598828 0.274306 0.077344 0.137500
0 0.499609 0.242361 0.067969 0.115278
0 0.452734 0.322222 0.097656 0.183333
0 0.411328 0.297917 0.102344 0.162500
0 0.382812 0.236806 0.067188 0.120833
0 0.267188 0.456250 0.178125 0.306944
