0 0.268750 0.451389 0.179688 0.300000
0 0.450781 0.321528 0.104687 0.181944
0 0.501172 0.241667 0.066406 0.116667
0 0.408203 0.297917 0.092969 0.173611
0 0.381250 0.229861 0.070312 0.115278
0 0.598437 0.268056 0.078125 0.136111
0 0.613672 0.350000 0.108594 0.194444
0 0.699609 0.390972 0.128906 0.215278
0 0.721484 0.363889 0.108594 0.183333
0 0.836719 0.395139 0.120312 0.195833
0 0.922266 0.313194 0.086719 0.143056
0 0.958203 0.311111 0.077344 0.136111
0 0.792188 0.295833 0.078125 0.122222
0 0.850000 0.281944 0.073437 0.113889
0 0.864844 0.248611 0.054688 0.086111
0 0.785937 0.238889 0.060938 0.091667
0 0.810938 0.220139 0.042188 0.073611
0 0.779688 0.209722 0.042188 0.063889
0 0.693359 0.206250 0.047656 0.079167
