0 0.934766 0.320139 0.083594 0.145833
0 0.970703 0.313194 0.058594 0.137500
0 0.862109 0.297917 0.075781 0.123611
0 0.876953 0.261806 0.058594 0.101389
0 0.794922 0.218056 0.044531 0.077778
0 0.822656 0.222917 0.043750 0.081944
0 0.800000 0.248611 0.054688 0.086111
0 0.804688 0.313889 0.078125 0.138889
0 0.851562 0.400000 0.120312 0.194444
0 0.736328 0.369444 0.108594 0.188889
0 0.716797 0.391667 0.122656 0.208333
0 0.627344 0.350000 0.104687 0.177778
0 0.613672 0.273611 0.074219 0.138889
0 0.707031 0.210417 0.046875 0.079167
0 0.515234 0.242361 0.067969 0.120833
0 0.468359 0.324306 0.099219 0.179167
0 0.426953 0.297917 0.094531 0.162500
0 0.399609 0.232639 0.071094 0.118056
0 0.287891 0.451389 0.178906 0.300000
