0 0.967188 0.342361 0.065625 0.145833
0 0.901563 0.306250 0.070312 0.106944
0 0.918359 0.278472 0.057031 0.106944
0 0.859766 0.242361 0.049219 0.079167
0 0.834375 0.234722 0.046875 0.080556
0 0.832812 0.260417 0.051562 0.079167
0 0.842578 0.322917 0.080469 0.131944
0 0.889453 0.426389 0.124219 0.208333
0 0.772656 0.387500 0.109375 0.202778
0 0.751172 0.410417 0.124219 0.212500
0 0.667969 0.363194 0.114063 0.181944
0 0.648047 0.281250 0.072656 0.131944
0 0.742188 0.227778 0.045313 0.083333
0 0.551953 0.252778 0.069531 0.122222
0 0.504687 0.329861 0.101562 0.173611
0 0.466016 0.311111 0.097656 0.169444
0 0.437109 0.249306 0.067969 0.120833
0 0.333984 0.452083 0.167969 0.298611
