0 0.753906 0.228472 0.048437 0.076389
0 0.673437 0.375694 0.106250 0.193056
0 0.761719 0.418750 0.126563 0.212500
0 0.782031 0.397222 0.110937 0.194444
0 0.899219 0.431944 0.121875 0.211111
0 0.970703 0.357639 0.058594 0.148611
0 0.912891 0.327778 0.078906 0.127778
0 0.850781 0.340278 0.082813 0.144444
0 0.848437 0.274306 0.062500 0.098611
0 0.928906 0.285417 0.059375 0.101389
0 0.868750 0.247222 0.048437 0.083333
0 0.842969 0.234028 0.040625 0.065278
0 0.658203 0.286111 0.072656 0.127778
0 0.562891 0.261111 0.063281 0.113889
0 0.513281 0.340972 0.098438 0.179167
0 0.475781 0.319444 0.096875 0.166667
0 0.444141 0.250000 0.067969 0.111111
0 0.346094 0.459722 0.168750 0.286111
