0 0.856250 0.250694 0.045313 0.076389
0 0.886328 0.261806 0.046094 0.079167
0 0.945312 0.299306 0.059375 0.101389
0 0.980469 0.370139 0.039062 0.148611
0 0.925781 0.335417 0.070312 0.120833
0 0.860937 0.292361 0.060938 0.090278
0 0.862500 0.350694 0.087500 0.134722
0 0.909766 0.449306 0.124219 0.206944
0 0.772266 0.431250 0.125781 0.209722
0 0.789844 0.414583 0.115625 0.201389
0 0.686328 0.394444 0.102344 0.194444
0 0.671875 0.304861 0.075000 0.129167
0 0.574609 0.270833 0.063281 0.108333
0 0.767969 0.242361 0.045313 0.076389
0 0.527344 0.355556 0.096875 0.180556
0 0.487500 0.333333 0.090625 0.166667
0 0.461328 0.265278 0.066406 0.119444
0 0.357422 0.474306 0.167969 0.279167
