0 0.771094 0.245139 0.045313 0.079167
0 0.858594 0.252083 0.040625 0.076389
0 0.888672 0.264583 0.047656 0.079167
0 0.866406 0.294444 0.062500 0.091667
0 0.871094 0.351389 0.084375 0.125000
0 0.932031 0.340278 0.078125 0.136111
0 0.946484 0.307639 0.066406 0.112500
0 0.981641 0.372917 0.036719 0.137500
0 0.915625 0.452778 0.123438 0.205556
0 0.796094 0.413194 0.114063 0.195833
0 0.776172 0.440278 0.125781 0.208333
0 0.689453 0.398611 0.105469 0.191667
0 0.674219 0.309028 0.075000 0.126389
0 0.579687 0.279861 0.064062 0.115278
0 0.530469 0.361111 0.100000 0.172222
0 0.492578 0.335417 0.091406 0.168056
0 0.464453 0.262500 0.061719 0.111111
0 0.364453 0.485417 0.163281 0.281944
