0 0.370313 0.488194 0.160938 0.279167
0 0.534375 0.364583 0.098438 0.173611
0 0.494922 0.340278 0.088281 0.161111
0 0.467578 0.269444 0.064844 0.116667
0 0.583984 0.277778 0.063281 0.111111
0 0.679688 0.311806 0.076563 0.129167
0 0.691797 0.396528 0.108594 0.179167
0 0.779688 0.442361 0.121875 0.201389
0 0.801562 0.420833 0.107813 0.191667
0 0.919141 0.464583 0.125781 0.195833
0 0.981250 0.384028 0.037500 0.143056
0 0.871484 0.361111 0.085156 0.138889
0 0.933203 0.344444 0.074219 0.119444
0 0.948438 0.312500 0.064062 0.108333
0 0.865234 0.302778 0.063281 0.105556
0 0.891016 0.271528 0.050781 0.081944
0 0.864844 0.257639 0.048437 0.081944
0 0.773828 0.249306 0.047656 0.081944
