0 0.870313 0.254861 0.042188 0.065278
0 0.898438 0.268750 0.046875 0.081944
0 0.873828 0.302083 0.057031 0.081944
0 0.957422 0.319444 0.063281 0.102778
0 0.941797 0.350694 0.072656 0.123611
0 0.984375 0.386806 0.031250 0.148611
0 0.923437 0.470833 0.125000 0.197222
0 0.878906 0.365278 0.084375 0.133333
0 0.809766 0.438889 0.107031 0.211111
0 0.785156 0.455556 0.121875 0.200000
0 0.700781 0.407639 0.110937 0.187500
0 0.686328 0.320139 0.083594 0.120833
0 0.780078 0.257639 0.050781 0.090278
0 0.589063 0.286111 0.064062 0.113889
0 0.539844 0.370833 0.100000 0.175000
0 0.501953 0.339583 0.089844 0.159722
0 0.472266 0.269444 0.064844 0.113889
0 0.376953 0.493750 0.160156 0.273611
