0 0.382031 0.502083 0.157813 0.281944
0 0.874219 0.269444 0.045313 0.080556
0 0.899609 0.275000 0.044531 0.072222
0 0.876953 0.302778 0.058594 0.083333
0 0.878125 0.361111 0.082813 0.122222
0 0.945312 0.354861 0.076563 0.115278
0 0.957031 0.325000 0.067188 0.102778
0 0.987109 0.388194 0.025781 0.129167
0 0.926953 0.475694 0.125781 0.201389
0 0.808203 0.429861 0.108594 0.187500
0 0.787891 0.456944 0.121094 0.208333
0 0.703516 0.411806 0.111719 0.190278
0 0.687500 0.326389 0.079687 0.138889
0 0.782422 0.259722 0.050781 0.083333
0 0.592969 0.288889 0.064062 0.119444
0 0.542188 0.368750 0.095312 0.162500
0 0.505078 0.347222 0.091406 0.147222
0 0.478125 0.277083 0.064062 0.115278
