0 0.880859 0.270139 0.044531 0.068056
0 0.909375 0.281944 0.042188 0.072222
0 0.882031 0.312500 0.054688 0.086111
0 0.881641 0.377083 0.075781 0.131944
0 0.949609 0.359028 0.080469 0.137500
0 0.966016 0.330556 0.058594 0.119444
0 0.987891 0.398611 0.021094 0.125000
0 0.930078 0.479167 0.127344 0.211111
0 0.793359 0.468056 0.124219 0.208333
0 0.817969 0.439583 0.096875 0.195833
0 0.787109 0.264583 0.050781 0.079167
0 0.708984 0.420139 0.110156 0.179167
0 0.689453 0.326389 0.072656 0.116667
0 0.599219 0.290972 0.064062 0.112500
0 0.548047 0.379861 0.096094 0.173611
0 0.509766 0.349306 0.091406 0.148611
0 0.482031 0.282639 0.067188 0.109722
0 0.388281 0.497222 0.156250 0.263889
