0 0.390625 0.507639 0.160938 0.284722
0 0.482422 0.279861 0.067969 0.101389
0 0.512500 0.355556 0.090625 0.172222
0 0.550000 0.381250 0.095312 0.176389
0 0.709375 0.425000 0.110937 0.177778
0 0.696484 0.343056 0.075781 0.150000
0 0.596484 0.297222 0.061719 0.122222
0 0.793359 0.464583 0.119531 0.204167
0 0.817969 0.441667 0.106250 0.186111
0 0.932813 0.488889 0.123438 0.205556
0 0.885547 0.381944 0.077344 0.130556
0 0.947656 0.371528 0.078125 0.118056
0 0.988281 0.406944 0.020312 0.133333
0 0.967578 0.335417 0.061719 0.115278
0 0.887500 0.320833 0.078125 0.111111
0 0.912109 0.279861 0.049219 0.048611
0 0.879687 0.268750 0.042188 0.056944
0 0.787891 0.272222 0.053906 0.097222
