0 0.391797 0.513889 0.158594 0.272222
0 0.785547 0.277778 0.046094 0.088889
0 0.707422 0.428472 0.102344 0.195833
0 0.694141 0.344444 0.074219 0.125000
0 0.795703 0.474306 0.119531 0.201389
0 0.812500 0.448611 0.106250 0.180556
0 0.928906 0.496528 0.121875 0.204167
0 0.985937 0.409028 0.025000 0.129167
0 0.966797 0.343056 0.063281 0.116667
0 0.947656 0.377778 0.078125 0.127778
0 0.883203 0.388194 0.091406 0.140278
0 0.882031 0.313194 0.070312 0.090278
0 0.912500 0.298611 0.045313 0.077778
0 0.875781 0.275000 0.045313 0.077778
0 0.595312 0.301389 0.071875 0.113889
0 0.552734 0.385417 0.100781 0.159722
0 0.510156 0.360417 0.090625 0.156944
0 0.482812 0.290278 0.071875 0.116667
