0 0.387891 0.505556 0.158594 0.266667
0 0.485938 0.287500 0.070312 0.108333
0 0.510938 0.361806 0.084375 0.159722
0 0.551953 0.387500 0.102344 0.163889
0 0.596875 0.301389 0.073437 0.119444
0 0.692969 0.333333 0.081250 0.130556
0 0.705078 0.428472 0.108594 0.181944
0 0.792969 0.466667 0.121875 0.208333
0 0.817187 0.441667 0.100000 0.175000
0 0.927344 0.496528 0.118750 0.195833
0 0.880859 0.392361 0.085156 0.140278
0 0.947656 0.383333 0.073437 0.133333
0 0.985937 0.412500 0.025000 0.141667
0 0.962500 0.335417 0.064062 0.109722
0 0.883203 0.318056 0.067969 0.080556
0 0.907422 0.297917 0.052344 0.084722
0 0.878516 0.281250 0.044531 0.079167
0 0.783984 0.274306 0.049219 0.084722
