0 0.377734 0.529861 0.160156 0.290278
0 0.542578 0.400000 0.096094 0.175000
0 0.502734 0.369444 0.091406 0.161111
0 0.477344 0.295833 0.065625 0.116667
0 0.590625 0.306250 0.065625 0.112500
0 0.686719 0.337500 0.081250 0.136111
0 0.700000 0.436111 0.112500 0.175000
0 0.783984 0.483333 0.122656 0.213889
0 0.809766 0.454167 0.097656 0.186111
0 0.920703 0.502083 0.124219 0.201389
0 0.983984 0.413889 0.028906 0.136111
0 0.878516 0.394444 0.091406 0.136111
0 0.941797 0.378472 0.077344 0.129167
0 0.960156 0.345833 0.064062 0.119444
0 0.879687 0.333333 0.068750 0.102778
0 0.904688 0.303472 0.056250 0.084722
0 0.874219 0.293056 0.054688 0.086111
0 0.781641 0.279167 0.049219 0.083333
