0 0.771094 0.287500 0.056250 0.091667
0 0.859766 0.287500 0.042969 0.077778
0 0.891016 0.300694 0.047656 0.087500
0 0.859375 0.325694 0.060938 0.095833
0 0.929297 0.377083 0.071094 0.129167
0 0.945312 0.333333 0.062500 0.094444
0 0.975781 0.419444 0.045313 0.141667
0 0.907031 0.500694 0.120312 0.195833
0 0.867188 0.399306 0.093750 0.140278
0 0.794531 0.459722 0.104687 0.180556
0 0.770703 0.488194 0.119531 0.195833
0 0.688281 0.445139 0.117188 0.184722
0 0.673828 0.349306 0.075781 0.126389
0 0.581641 0.310417 0.067969 0.109722
0 0.527734 0.398611 0.096094 0.169444
0 0.494141 0.373611 0.096094 0.152778
0 0.468750 0.299306 0.071875 0.115278
0 0.361719 0.532639 0.164062 0.270833
