0 0.363672 0.536806 0.164844 0.284722
0 0.528516 0.400000 0.097656 0.172222
0 0.491797 0.373611 0.091406 0.166667
0 0.466797 0.301389 0.066406 0.111111
0 0.579297 0.316667 0.063281 0.119444
0 0.673828 0.342361 0.074219 0.129167
0 0.683984 0.443750 0.111719 0.190278
0 0.769531 0.481944 0.121875 0.208333
0 0.794922 0.458333 0.100781 0.186111
0 0.907422 0.509722 0.117969 0.208333
0 0.859375 0.398611 0.084375 0.144444
0 0.930078 0.380556 0.077344 0.133333
0 0.976953 0.421528 0.042969 0.143056
0 0.949609 0.345833 0.061719 0.105556
0 0.863281 0.333333 0.060938 0.105556
0 0.890625 0.306944 0.051562 0.086111
0 0.866016 0.292361 0.057031 0.073611
0 0.771875 0.281250 0.050000 0.081944
