0 0.969922 0.418750 0.057031 0.137500
0 0.911328 0.381250 0.075781 0.120833
0 0.930078 0.347917 0.063281 0.109722
0 0.876562 0.304861 0.050000 0.079167
0 0.845703 0.325000 0.061719 0.097222
0 0.846875 0.289583 0.050000 0.087500
0 0.846875 0.391667 0.078125 0.138889
0 0.890234 0.509028 0.122656 0.204167
0 0.777734 0.452778 0.102344 0.180556
0 0.753125 0.488194 0.123438 0.204167
0 0.666797 0.445833 0.097656 0.186111
0 0.657031 0.354861 0.076563 0.131944
0 0.757422 0.288194 0.047656 0.084722
0 0.567578 0.309028 0.064844 0.104167
0 0.513281 0.402083 0.093750 0.184722
0 0.473828 0.383333 0.091406 0.172222
0 0.451562 0.297222 0.070312 0.119444
0 0.338281 0.534722 0.157813 0.280556
