0 0.925391 0.339583 0.052344 0.084722
0 0.905078 0.384028 0.078906 0.126389
0 0.964453 0.414583 0.067969 0.145833
0 0.842188 0.295139 0.050000 0.084722
0 0.868750 0.300694 0.046875 0.087500
0 0.844531 0.327778 0.057813 0.100000
0 0.839453 0.397917 0.078906 0.129167
0 0.880859 0.513889 0.117969 0.216667
0 0.773047 0.461111 0.110156 0.188889
0 0.744531 0.490278 0.121875 0.211111
0 0.753125 0.283333 0.048437 0.086111
0 0.657812 0.445833 0.101562 0.191667
0 0.653516 0.345833 0.075781 0.122222
0 0.560938 0.315278 0.065625 0.108333
0 0.507812 0.404861 0.095312 0.176389
0 0.467969 0.376389 0.092188 0.161111
0 0.445312 0.301389 0.068750 0.122222
0 0.332422 0.536806 0.169531 0.284722
