0 0.305859 0.542361 0.171094 0.281944
0 0.483594 0.401389 0.095312 0.169444
0 0.982422 0.415972 0.032031 0.134722
0 0.952344 0.413194 0.087500 0.137500
0 0.883203 0.379167 0.072656 0.133333
0 0.905859 0.332639 0.053906 0.095833
0 0.826172 0.329167 0.063281 0.094444
0 0.853516 0.298611 0.046094 0.069444
0 0.826563 0.285417 0.048437 0.079167
0 0.732813 0.276389 0.046875 0.088889
0 0.816406 0.391667 0.087500 0.130556
0 0.856250 0.502778 0.117188 0.200000
0 0.750391 0.458333 0.097656 0.177778
0 0.721094 0.484028 0.115625 0.215278
0 0.637891 0.440278 0.111719 0.180556
0 0.628906 0.343056 0.079687 0.125000
0 0.542578 0.313194 0.064844 0.112500
0 0.450781 0.377778 0.095312 0.161111
0 0.425000 0.302778 0.070312 0.116667
