0 0.285156 0.551389 0.168750 0.294444
0 0.468359 0.399306 0.096094 0.181944
0 0.808984 0.277083 0.032031 0.065278
0 0.834375 0.293750 0.051562 0.073611
0 0.810938 0.320833 0.054688 0.080556
0 0.721875 0.270833 0.050000 0.077778
0 0.871484 0.377083 0.072656 0.120833
0 0.891406 0.344444 0.060938 0.116667
0 0.939453 0.408333 0.077344 0.155556
0 0.808203 0.395139 0.086719 0.140278
0 0.841016 0.496528 0.116406 0.204167
0 0.702344 0.483333 0.109375 0.205556
0 0.734766 0.450000 0.102344 0.202778
0 0.625391 0.440972 0.103906 0.176389
0 0.616406 0.344444 0.076563 0.125000
0 0.530859 0.309722 0.061719 0.127778
0 0.434766 0.381944 0.094531 0.169444
0 0.412891 0.299306 0.063281 0.109722
