0 0.586719 0.272222 0.018750 0.025000
0 0.534766 0.270833 0.017969 0.027778
0 0.492578 0.372917 0.038281 0.079167
0 0.473047 0.352083 0.038281 0.068056
0 0.462109 0.369444 0.041406 0.066667
0 0.330469 0.404861 0.040625 0.065278
0 0.116797 0.368056 0.022656 0.044444
0 0.107813 0.427083 0.039062 0.059722
0 0.069141 0.495833 0.053906 0.091667
0 0.031250 0.530556 0.062500 0.102778
0 0.069141 0.668056 0.103906 0.177778
0 0.175000 0.640972 0.095312 0.170833
0 0.318750 0.625694 0.096875 0.173611
0 0.343359 0.887500 0.186719 0.225000
0 0.949609 0.606250 0.097656 0.218056
