0 0.380469 0.514583 0.162500 0.273611
0 0.543359 0.393056 0.094531 0.169444
0 0.503906 0.364583 0.089062 0.165278
0 0.480859 0.300000 0.072656 0.116667
0 0.594531 0.306944 0.065625 0.102778
0 0.689062 0.334722 0.076563 0.125000
0 0.704297 0.434028 0.108594 0.170833
0 0.788672 0.477778 0.119531 0.200000
0 0.810156 0.458333 0.101562 0.194444
0 0.925781 0.499306 0.126563 0.193056
0 0.876562 0.393056 0.081250 0.144444
0 0.944141 0.381250 0.080469 0.129167
0 0.984766 0.414583 0.027344 0.137500
0 0.961719 0.344444 0.065625 0.108333
0 0.880469 0.333333 0.064062 0.102778
0 0.900781 0.301389 0.054688 0.088889
0 0.876953 0.289583 0.047656 0.073611
0 0.783594 0.278472 0.048437 0.084722
