0 0.253906 0.549306 0.171875 0.290278
0 0.444531 0.406944 0.098438 0.175000
0 0.404297 0.372917 0.088281 0.156944
0 0.388281 0.288194 0.064062 0.109722
0 0.508594 0.325694 0.001563 0.004167
0 0.507422 0.309028 0.064844 0.126389
0 0.700391 0.272917 0.046094 0.084722
0 0.780859 0.391667 0.086719 0.133333
0 0.844922 0.372917 0.074219 0.115278
0 0.913672 0.406250 0.088281 0.134722
0 0.949219 0.406944 0.075000 0.136111
0 0.867578 0.341667 0.069531 0.116667
0 0.789062 0.327778 0.062500 0.100000
0 0.815625 0.289583 0.048437 0.076389
0 0.789844 0.277083 0.046875 0.059722
0 0.703516 0.455556 0.102344 0.175000
0 0.678516 0.495833 0.116406 0.202778
0 0.816797 0.502778 0.119531 0.194444
0 0.600391 0.438194 0.113281 0.179167
0 0.597266 0.344444 0.077344 0.130556
