0 0.097266 0.270833 0.080469 0.144444
0 0.114453 0.354167 0.107031 0.180556
0 0.165625 0.379167 0.121875 0.208333
0 0.238672 0.264583 0.082031 0.123611
0 0.339844 0.281250 0.078125 0.137500
0 0.346484 0.386806 0.114844 0.201389
0 0.433594 0.413889 0.128125 0.216667
0 0.458203 0.387500 0.108594 0.191667
0 0.572266 0.396528 0.116406 0.190278
0 0.442969 0.202083 0.050000 0.079167
0 0.528906 0.188889 0.037500 0.069444
0 0.555469 0.195139 0.042188 0.070833
0 0.534375 0.230556 0.064062 0.088889
0 0.530859 0.293056 0.080469 0.119444
0 0.591016 0.271528 0.071094 0.112500
0 0.605469 0.226389 0.054688 0.097222
0 0.655469 0.286111 0.081250 0.125000
0 0.689453 0.278472 0.069531 0.118056
0 0.753125 0.213194 0.046875 0.084722
0 0.853906 0.238889 0.057813 0.105556
0 0.906250 0.239583 0.067188 0.115278
0 0.957031 0.231944 0.057813 0.097222
0 0.984375 0.229861 0.031250 0.090278
0 0.914453 0.293750 0.083594 0.134722
0 0.849219 0.375000 0.106250 0.191667
