0 0.580859 0.272917 0.021094 0.031944
0 0.528125 0.268750 0.014062 0.023611
0 0.486719 0.379167 0.040625 0.066667
0 0.466406 0.351389 0.035937 0.066667
0 0.453516 0.370139 0.039844 0.073611
0 0.321875 0.407639 0.040625 0.070833
0 0.112500 0.369444 0.020312 0.038889
0 0.102734 0.434028 0.039844 0.062500
0 0.064453 0.500694 0.058594 0.106944
0 0.031250 0.534028 0.062500 0.112500
0 0.060547 0.677083 0.102344 0.179167
0 0.169922 0.645139 0.099219 0.173611
0 0.311328 0.632639 0.097656 0.181944
0 0.335156 0.888194 0.190625 0.218056
0 0.944141 0.618750 0.108594 0.231944
