0 0.918750 0.471528 0.128125 0.206944
0 0.982031 0.381944 0.035937 0.133333
0 0.935547 0.355556 0.078906 0.130556
0 0.953906 0.310417 0.059375 0.104167
0 0.866016 0.256944 0.044531 0.069444
0 0.895703 0.268056 0.046094 0.080556
0 0.869531 0.297917 0.062500 0.084722
0 0.875000 0.361111 0.082813 0.136111
0 0.803125 0.427083 0.103125 0.187500
0 0.782812 0.445139 0.118750 0.198611
0 0.697656 0.406944 0.112500 0.186111
0 0.680078 0.314583 0.077344 0.123611
0 0.776953 0.256944 0.050781 0.086111
0 0.585938 0.281944 0.067188 0.116667
0 0.537500 0.365972 0.100000 0.176389
0 0.498047 0.342361 0.089844 0.159722
0 0.469922 0.265972 0.067969 0.109722
0 0.373047 0.492361 0.161719 0.273611
