0 0.192188 0.612500 0.187500 0.308333
0 0.384766 0.428472 0.094531 0.173611
0 0.626172 0.513194 0.121094 0.198611
0 0.758203 0.525694 0.114844 0.190278
0 0.543750 0.464583 0.100000 0.181944
0 0.650391 0.479167 0.096094 0.175000
0 0.721094 0.399306 0.076563 0.134722
0 0.783984 0.378472 0.064844 0.115278
0 0.849219 0.408333 0.079687 0.127778
0 0.886719 0.406944 0.067188 0.127778
0 0.960938 0.329167 0.053125 0.083333
0 0.725781 0.326389 0.057813 0.108333
0 0.801953 0.323611 0.050781 0.088889
0 0.637109 0.266667 0.042969 0.072222
0 0.724609 0.272917 0.041406 0.070833
0 0.748828 0.281944 0.044531 0.066667
0 0.537891 0.347222 0.071094 0.113889
0 0.446484 0.315972 0.063281 0.112500
0 0.346875 0.397917 0.092188 0.162500
0 0.326953 0.310417 0.069531 0.123611
