0 0.438281 0.825694 0.170312 0.318056
0 0.254687 0.952778 0.201562 0.094444
0 0.164062 0.584722 0.100000 0.172222
0 0.262109 0.564583 0.088281 0.170833
0 0.393750 0.554861 0.101562 0.170833
0 0.392188 0.359722 0.040625 0.077778
0 0.649609 0.240278 0.022656 0.038889
0 0.592188 0.239583 0.020312 0.031944
0 0.556250 0.337500 0.039062 0.072222
0 0.537891 0.314583 0.030469 0.051389
0 0.521875 0.321528 0.039062 0.056944
0 0.987500 0.543056 0.021875 0.186111
0 0.116797 0.470139 0.063281 0.106944
0 0.055078 0.574306 0.086719 0.145833
0 0.046484 0.488194 0.067969 0.101389
0 0.017969 0.510417 0.035937 0.112500
0 0.063281 0.475000 0.060938 0.108333
0 0.151172 0.434722 0.047656 0.088889
0 0.182031 0.386111 0.035937 0.055556
0 0.185156 0.321528 0.020312 0.031944
