0 0.430859 0.832639 0.171094 0.329167
0 0.389062 0.563194 0.101562 0.162500
0 0.253125 0.574306 0.087500 0.162500
0 0.153516 0.597222 0.096094 0.172222
0 0.047656 0.579861 0.095312 0.156944
0 0.038672 0.504167 0.063281 0.100000
0 0.014453 0.519444 0.028906 0.108333
0 0.051562 0.477083 0.057813 0.084722
0 0.105859 0.476389 0.061719 0.108333
0 0.142578 0.443750 0.057031 0.084722
0 0.174609 0.391667 0.044531 0.066667
0 0.180859 0.328472 0.021094 0.031944
0 0.387500 0.365972 0.045313 0.065278
0 0.515234 0.332639 0.038281 0.056944
0 0.549219 0.340278 0.043750 0.063889
0 0.526953 0.307639 0.030469 0.051389
0 0.586328 0.237500 0.017969 0.025000
0 0.640625 0.240972 0.014062 0.031944
0 0.981250 0.545139 0.034375 0.195833
0 0.241797 0.962500 0.219531 0.075000
