0 0.719141 0.213194 0.042969 0.081944
0 0.808984 0.218750 0.039844 0.073611
0 0.836328 0.228472 0.046094 0.076389
0 0.812891 0.252083 0.058594 0.087500
0 0.816797 0.318750 0.086719 0.143056
0 0.880078 0.300694 0.069531 0.118056
0 0.893750 0.268750 0.065625 0.106944
0 0.954687 0.323611 0.085938 0.144444
0 0.864844 0.408333 0.125000 0.211111
0 0.749609 0.368056 0.105469 0.186111
0 0.726562 0.399306 0.121875 0.212500
0 0.642578 0.356944 0.110156 0.188889
0 0.625000 0.272917 0.079687 0.129167
0 0.529688 0.240972 0.065625 0.118056
0 0.481250 0.325694 0.103125 0.181944
0 0.441016 0.302778 0.096094 0.175000
0 0.413672 0.232639 0.069531 0.118056
0 0.305859 0.448611 0.172656 0.294444
