0 0.031641 0.237500 0.060156 0.191667
0 0.208984 0.239583 0.103906 0.184722
0 0.439453 0.208333 0.091406 0.169444
0 0.155469 0.543750 0.160938 0.268056
0 0.292969 0.573611 0.164062 0.286111
0 0.505078 0.468056 0.139844 0.252778
0 0.598047 0.409028 0.130469 0.231944
0 0.667578 0.487500 0.149219 0.255556
0 0.727734 0.393750 0.128906 0.215278
0 0.536719 0.150000 0.081250 0.138889
0 0.432813 0.123611 0.078125 0.136111
0 0.275781 0.063194 0.067188 0.115278
0 0.339063 0.044444 0.062500 0.088889
0 0.717188 0.077083 0.071875 0.129167
0 0.834766 0.229861 0.103906 0.165278
0 0.850781 0.121528 0.078125 0.134722
0 0.928516 0.114583 0.074219 0.140278
0 0.086328 0.029861 0.061719 0.059722
0 0.046094 0.029167 0.042188 0.058333
