0 0.100000 0.189583 0.098438 0.159722
0 0.214844 0.417361 0.146875 0.265278
0 0.339844 0.443750 0.153125 0.270833
0 0.280469 0.207639 0.095312 0.159722
0 0.180469 0.037500 0.056250 0.075000
0 0.251953 0.022917 0.042969 0.045833
0 0.298438 0.027083 0.051562 0.054167
0 0.354688 0.078472 0.068750 0.112500
0 0.414844 0.059722 0.065625 0.100000
0 0.503906 0.026389 0.046875 0.052778
0 0.500391 0.133333 0.074219 0.119444
0 0.500391 0.190972 0.085156 0.143056
0 0.600391 0.155556 0.085156 0.150000
0 0.640234 0.049306 0.055469 0.090278
0 0.672656 0.041667 0.046875 0.077778
0 0.714063 0.043750 0.051562 0.081944
0 0.778906 0.117361 0.075000 0.131944
0 0.903125 0.022222 0.051562 0.044444
0 0.912109 0.157639 0.077344 0.129167
0 0.974609 0.165278 0.047656 0.141667
0 0.888672 0.252778 0.099219 0.161111
0 0.774219 0.359028 0.126563 0.209722
0 0.703516 0.425694 0.141406 0.248611
0 0.548828 0.389583 0.136719 0.234722
0 0.636719 0.359722 0.129688 0.213889
0 0.748047 0.896528 0.305469 0.206944
