0 0.046875 0.222222 0.093750 0.180556
0 0.168359 0.182639 0.089844 0.151389
0 0.337891 0.216667 0.086719 0.158333
0 0.242969 0.372917 0.134375 0.240278
0 0.360547 0.411111 0.142969 0.258333
0 0.272266 0.063194 0.060156 0.098611
0 0.349219 0.051389 0.043750 0.077778
0 0.382031 0.057639 0.050000 0.081944
0 0.430469 0.115278 0.060938 0.111111
0 0.491016 0.107639 0.055469 0.104167
0 0.581641 0.068056 0.047656 0.077778
0 0.561328 0.170833 0.071094 0.119444
0 0.555859 0.226389 0.083594 0.136111
0 0.724609 0.425000 0.146094 0.244444
0 0.660156 0.370139 0.123438 0.223611
0 0.806250 0.381944 0.129688 0.211111
0 0.658594 0.195833 0.087500 0.141667
0 0.723437 0.111806 0.054688 0.087500
0 0.739844 0.103472 0.060938 0.087500
0 0.792188 0.101389 0.053125 0.083333
0 0.755469 0.040972 0.029687 0.045833
0 0.849609 0.176389 0.074219 0.119444
0 0.941406 0.305556 0.112500 0.169444
0 0.669922 0.846528 0.310156 0.306944
0 0.567969 0.392361 0.139062 0.245833
