0 0.069141 0.268750 0.107031 0.173611
0 0.220313 0.235417 0.081250 0.140278
0 0.336719 0.121528 0.048437 0.095833
0 0.412500 0.112500 0.045313 0.080556
0 0.449609 0.118750 0.055469 0.079167
0 0.483203 0.177778 0.058594 0.111111
0 0.550391 0.175000 0.053906 0.097222
0 0.651563 0.138194 0.042188 0.073611
0 0.263672 0.429167 0.152344 0.241667
0 0.365625 0.481944 0.148438 0.252778
0 0.562891 0.903472 0.291406 0.193056
0 0.573047 0.471528 0.128906 0.231944
0 0.724609 0.534722 0.149219 0.258333
0 0.682813 0.453472 0.118750 0.223611
0 0.827344 0.486111 0.121875 0.227778
0 0.595312 0.286111 0.084375 0.133333
0 0.376953 0.268750 0.088281 0.156944
0 0.604297 0.234028 0.074219 0.120833
0 0.699609 0.279861 0.083594 0.134722
0 0.968359 0.402083 0.063281 0.179167
0 0.907812 0.270833 0.073437 0.127778
0 0.776172 0.188194 0.055469 0.109722
0 0.860937 0.183333 0.056250 0.088889
0 0.810156 0.182639 0.054688 0.079167
0 0.837109 0.113889 0.030469 0.058333
