0 0.227734 0.052778 0.067969 0.105556
0 0.391406 0.103472 0.082813 0.143056
0 0.401563 0.197222 0.092188 0.161111
0 0.500781 0.120139 0.084375 0.156944
0 0.162891 0.264583 0.108594 0.176389
0 0.106641 0.613889 0.171094 0.297222
0 0.253906 0.627083 0.170312 0.298611
0 0.470313 0.490972 0.145313 0.259722
0 0.564062 0.421528 0.131250 0.237500
0 0.635938 0.506944 0.151562 0.272222
0 0.697656 0.397917 0.134375 0.243056
0 0.801953 0.202083 0.102344 0.173611
0 0.678906 0.052083 0.078125 0.104167
0 0.817578 0.070139 0.078906 0.131944
0 0.894141 0.069444 0.077344 0.138889
