0 0.758203 0.239583 0.042969 0.084722
0 0.849609 0.243056 0.047656 0.080556
0 0.877734 0.252778 0.049219 0.086111
0 0.855078 0.276389 0.063281 0.083333
0 0.853516 0.338889 0.077344 0.127778
0 0.919141 0.332639 0.080469 0.131944
0 0.974219 0.359028 0.051562 0.156944
0 0.932422 0.296528 0.060156 0.109722
0 0.902344 0.436111 0.125000 0.200000
0 0.787891 0.403472 0.108594 0.198611
0 0.763672 0.423611 0.122656 0.205556
0 0.679297 0.380556 0.111719 0.191667
0 0.660937 0.295833 0.075000 0.130556
0 0.567578 0.265972 0.067969 0.120833
0 0.516797 0.343750 0.103906 0.176389
0 0.478516 0.325000 0.096094 0.169444
0 0.451562 0.254861 0.070312 0.118056
0 0.349219 0.462500 0.162500 0.280556
