0 0.762109 0.284028 0.050781 0.076389
0 0.848828 0.290972 0.041406 0.070833
0 0.880859 0.297222 0.044531 0.072222
0 0.853516 0.329167 0.053906 0.088889
0 0.851562 0.397917 0.076563 0.134722
0 0.916016 0.377083 0.069531 0.120833
0 0.937500 0.345833 0.064062 0.111111
0 0.971094 0.417361 0.054688 0.145833
0 0.895703 0.509722 0.119531 0.208333
0 0.784375 0.469444 0.106250 0.208333
0 0.758203 0.486111 0.128906 0.202778
0 0.672656 0.443750 0.107813 0.195833
0 0.661328 0.345833 0.072656 0.127778
0 0.569922 0.316667 0.061719 0.113889
0 0.517578 0.399306 0.102344 0.165278
0 0.483984 0.377083 0.092969 0.162500
0 0.456641 0.296528 0.064844 0.112500
0 0.345703 0.535417 0.164844 0.281944
