0 0.826953 0.163889 0.022656 0.038889
0 0.764453 0.158333 0.019531 0.022222
0 0.729297 0.243056 0.049219 0.069444
0 0.704687 0.227778 0.042188 0.072222
0 0.690625 0.234722 0.040625 0.066667
0 0.566406 0.262500 0.040625 0.061111
0 0.362500 0.218750 0.017188 0.026389
0 0.362500 0.264583 0.031250 0.056944
0 0.340625 0.309722 0.050000 0.080556
0 0.309375 0.328472 0.051562 0.095833
0 0.262109 0.338194 0.060156 0.104167
0 0.213281 0.348611 0.064062 0.105556
0 0.105078 0.350694 0.053906 0.093056
0 0.034375 0.468056 0.068750 0.172222
0 0.016016 0.500694 0.032031 0.140278
0 0.188281 0.538194 0.126563 0.193056
0 0.267578 0.411806 0.082031 0.140278
0 0.365234 0.426389 0.086719 0.161111
0 0.458203 0.411806 0.083594 0.148611
0 0.582031 0.415972 0.085938 0.156944
0 0.641797 0.607639 0.160156 0.281944
0 0.497266 0.811806 0.228906 0.376389
