0 0.092969 0.268750 0.100000 0.165278
0 0.264062 0.443056 0.132812 0.238889
0 0.360156 0.481250 0.139062 0.234722
0 0.514844 0.907639 0.290625 0.184722
0 0.573438 0.490278 0.131250 0.247222
0 0.723828 0.540972 0.147656 0.248611
0 0.683594 0.475694 0.120312 0.226389
0 0.833984 0.505556 0.121094 0.230556
0 0.975000 0.434722 0.050000 0.169444
0 0.719922 0.295139 0.083594 0.126389
0 0.738281 0.278472 0.060938 0.123611
0 0.608984 0.318750 0.091406 0.140278
0 0.625000 0.256944 0.073437 0.111111
0 0.570703 0.195833 0.055469 0.097222
0 0.508203 0.198611 0.060156 0.100000
0 0.394141 0.290972 0.091406 0.145833
0 0.243359 0.250000 0.085156 0.136111
0 0.369922 0.138194 0.061719 0.084722
0 0.444531 0.127778 0.042188 0.075000
0 0.480859 0.137500 0.057031 0.075000
0 0.679297 0.157639 0.046094 0.073611
0 0.806250 0.213889 0.057813 0.091667
0 0.846484 0.201389 0.053906 0.100000
0 0.891797 0.204167 0.053906 0.091667
0 0.935156 0.290972 0.073437 0.143056
0 0.879297 0.157639 0.039844 0.062500
