0 0.099219 0.620139 0.175000 0.293056
0 0.244141 0.639583 0.178906 0.301389
0 0.466016 0.495139 0.146094 0.254167
0 0.557813 0.420139 0.129688 0.234722
0 0.631641 0.509722 0.149219 0.258333
0 0.692187 0.393056 0.134375 0.213889
0 0.394922 0.188889 0.094531 0.161111
0 0.151172 0.265278 0.105469 0.169444
0 0.217969 0.048611 0.076563 0.097222
0 0.385938 0.107639 0.082813 0.137500
0 0.495313 0.127778 0.079687 0.150000
0 0.797656 0.197222 0.107813 0.163889
0 0.811328 0.065278 0.085156 0.127778
0 0.891797 0.062500 0.074219 0.125000
0 0.676953 0.044444 0.072656 0.088889
