0 0.853906 0.152083 0.023438 0.040278
0 0.793750 0.148611 0.020312 0.038889
0 0.734766 0.206250 0.033594 0.059722
0 0.755859 0.229861 0.047656 0.076389
0 0.717188 0.227083 0.034375 0.059722
0 0.593359 0.251389 0.039844 0.077778
0 0.387891 0.206250 0.022656 0.029167
0 0.390234 0.253472 0.041406 0.048611
0 0.365234 0.293056 0.049219 0.075000
0 0.340234 0.308333 0.050781 0.097222
0 0.292578 0.316667 0.071094 0.105556
0 0.238672 0.332639 0.058594 0.095833
0 0.139844 0.327083 0.056250 0.090278
0 0.028125 0.473611 0.056250 0.161111
0 0.054297 0.452083 0.078906 0.156944
0 0.225000 0.520139 0.117188 0.204167
0 0.298438 0.386806 0.078125 0.131944
0 0.394922 0.400000 0.083594 0.150000
0 0.484375 0.402083 0.081250 0.162500
0 0.612500 0.397917 0.093750 0.154167
0 0.669531 0.594444 0.175000 0.297222
0 0.522656 0.773611 0.223438 0.391667
