0 0.257812 0.923611 0.196875 0.152778
0 0.241016 0.679167 0.108594 0.183333
0 0.098047 0.693750 0.105469 0.173611
0 0.030469 0.721528 0.060938 0.190278
0 0.014453 0.536806 0.028906 0.093056
0 0.035937 0.469444 0.037500 0.063889
0 0.048828 0.395139 0.022656 0.037500
0 0.265625 0.435417 0.045313 0.068056
0 0.434766 0.405556 0.041406 0.072222
0 0.400781 0.396528 0.040625 0.068056
0 0.412109 0.379861 0.041406 0.068056
0 0.526953 0.295139 0.019531 0.034722
0 0.475781 0.290972 0.017188 0.020833
0 0.895312 0.637500 0.132812 0.227778
