0 0.150000 0.488889 0.198437 0.313889
0 0.603906 0.190972 0.050000 0.087500
0 0.689453 0.179861 0.036719 0.068056
0 0.714453 0.193750 0.049219 0.070833
0 0.696875 0.227778 0.060938 0.077778
0 0.695703 0.293056 0.077344 0.136111
0 0.756641 0.262500 0.074219 0.113889
0 0.772656 0.231944 0.060938 0.100000
0 0.827344 0.291667 0.078125 0.127778
0 0.862109 0.284722 0.067969 0.125000
0 0.926953 0.231250 0.050781 0.084722
0 0.987891 0.397222 0.024219 0.172222
0 0.746484 0.385417 0.117969 0.193056
0 0.632812 0.361111 0.106250 0.202778
0 0.607422 0.394444 0.124219 0.222222
0 0.524219 0.354167 0.107813 0.194444
0 0.508203 0.254861 0.075781 0.120833
0 0.414844 0.243750 0.064062 0.112500
0 0.357031 0.331944 0.107813 0.177778
0 0.314844 0.311111 0.104687 0.172222
0 0.285156 0.238194 0.070312 0.120833
