0 0.390625 0.505556 0.160938 0.277778
0 0.788281 0.276389 0.050000 0.080556
0 0.879687 0.279861 0.042188 0.076389
0 0.909766 0.285417 0.047656 0.087500
0 0.883984 0.320833 0.064844 0.088889
0 0.882031 0.385417 0.084375 0.137500
0 0.951172 0.368056 0.077344 0.125000
0 0.965625 0.336806 0.065625 0.112500
0 0.989453 0.410417 0.017969 0.120833
0 0.933203 0.488194 0.127344 0.212500
0 0.815625 0.443750 0.104687 0.195833
0 0.792969 0.472917 0.121875 0.212500
0 0.706641 0.424306 0.108594 0.190278
0 0.693750 0.335417 0.079687 0.131944
0 0.596484 0.301389 0.061719 0.111111
0 0.550781 0.385417 0.095312 0.168056
0 0.518359 0.359722 0.094531 0.150000
0 0.483984 0.290278 0.071094 0.116667
