0 0.084375 0.270833 0.104687 0.163889
0 0.233203 0.247917 0.078906 0.143056
0 0.259375 0.446528 0.129688 0.240278
0 0.361328 0.485417 0.144531 0.248611
0 0.386328 0.284722 0.086719 0.152778
0 0.360156 0.129167 0.048437 0.077778
0 0.433203 0.123611 0.042969 0.072222
0 0.466016 0.128472 0.049219 0.081944
0 0.498047 0.189583 0.058594 0.101389
0 0.563281 0.180556 0.053125 0.097222
0 0.619531 0.252083 0.070312 0.115278
0 0.603516 0.308333 0.086719 0.152778
0 0.574219 0.481250 0.135937 0.223611
0 0.680469 0.459722 0.139062 0.216667
0 0.728906 0.538889 0.143750 0.236111
0 0.830469 0.502778 0.128125 0.233333
0 0.712109 0.291667 0.082031 0.144444
0 0.732813 0.273611 0.065625 0.136111
0 0.671094 0.154167 0.048437 0.080556
0 0.796875 0.195139 0.051562 0.084722
0 0.832812 0.193750 0.054688 0.109722
0 0.884766 0.195833 0.052344 0.088889
0 0.862109 0.133333 0.032031 0.063889
0 0.926562 0.284722 0.075000 0.125000
0 0.970312 0.429861 0.059375 0.190278
0 0.528906 0.904861 0.284375 0.190278
