0 0.732422 0.197917 0.019531 0.034722
0 0.676172 0.191667 0.016406 0.025000
0 0.638672 0.288889 0.039844 0.072222
0 0.605859 0.277778 0.041406 0.063889
0 0.616016 0.263194 0.035156 0.054167
0 0.478906 0.311111 0.039062 0.069444
0 0.275391 0.268750 0.019531 0.026389
0 0.273828 0.326389 0.038281 0.061111
0 0.244922 0.373611 0.050781 0.088889
0 0.216797 0.393750 0.052344 0.090278
0 0.162109 0.405556 0.052344 0.102778
0 0.148438 0.418056 0.060938 0.102778
0 0.105859 0.434028 0.061719 0.106944
0 0.163281 0.486111 0.081250 0.138889
0 0.072656 0.658333 0.131250 0.233333
0 0.267578 0.503472 0.091406 0.148611
0 0.362109 0.486806 0.083594 0.145833
0 0.491016 0.488889 0.092969 0.172222
0 0.542578 0.719444 0.161719 0.305556
0 0.380469 0.877778 0.239063 0.244444
