0 0.987109 0.109028 0.022656 0.034722
0 0.914844 0.147222 0.032812 0.063889
0 0.895703 0.160417 0.041406 0.062500
0 0.938281 0.172917 0.046875 0.068056
0 0.759766 0.168750 0.041406 0.065278
0 0.772266 0.273611 0.096094 0.152778
0 0.825781 0.404167 0.165625 0.277778
0 0.676172 0.500000 0.202344 0.363889
0 0.551172 0.130556 0.025781 0.030556
0 0.553516 0.167361 0.036719 0.051389
0 0.525391 0.191667 0.050781 0.080556
0 0.498828 0.202083 0.050781 0.087500
0 0.453125 0.205556 0.056250 0.100000
0 0.408203 0.207639 0.053906 0.087500
0 0.457031 0.252083 0.075000 0.120833
0 0.312500 0.197917 0.045313 0.079167
0 0.088281 0.219444 0.060938 0.100000
0 0.056250 0.224306 0.084375 0.109722
0 0.042969 0.318750 0.084375 0.156944
0 0.145313 0.243056 0.067188 0.111111
0 0.122266 0.279861 0.082031 0.134722
0 0.078516 0.413194 0.157031 0.245833
0 0.199219 0.283333 0.084375 0.144444
0 0.236719 0.277083 0.078125 0.137500
0 0.396094 0.325694 0.109375 0.181944
0 0.553516 0.262500 0.082031 0.150000
0 0.642578 0.263194 0.082031 0.140278
