0 0.839844 0.159722 0.023438 0.041667
0 0.781250 0.150694 0.021875 0.043056
0 0.719141 0.216667 0.033594 0.063889
0 0.704687 0.228472 0.040625 0.062500
0 0.580859 0.255556 0.038281 0.080556
0 0.747656 0.235417 0.040625 0.076389
0 0.376172 0.214583 0.022656 0.037500
0 0.375781 0.266667 0.040625 0.058333
0 0.356641 0.302083 0.042969 0.084722
0 0.322266 0.318750 0.053906 0.101389
0 0.276953 0.331250 0.063281 0.109722
0 0.227344 0.345139 0.067188 0.098611
0 0.121875 0.335417 0.051562 0.084722
0 0.040625 0.468056 0.081250 0.163889
0 0.020703 0.482639 0.041406 0.159722
0 0.207422 0.529861 0.124219 0.201389
0 0.285937 0.397222 0.076563 0.119444
0 0.382031 0.417361 0.089062 0.162500
0 0.470313 0.403472 0.084375 0.148611
0 0.594531 0.410417 0.096875 0.154167
0 0.654688 0.609028 0.159375 0.284722
0 0.509766 0.805556 0.213281 0.388889
