0 0.103906 0.519444 0.207813 0.338889
0 0.242969 0.241667 0.075000 0.116667
0 0.265625 0.320139 0.093750 0.170833
0 0.310547 0.344444 0.114844 0.191667
0 0.369531 0.244444 0.067188 0.127778
0 0.467969 0.268056 0.078125 0.125000
0 0.479297 0.362500 0.114844 0.188889
0 0.567187 0.391667 0.128125 0.213889
0 0.590234 0.363194 0.113281 0.179167
0 0.702734 0.392361 0.121094 0.201389
0 0.654688 0.288194 0.079687 0.129167
0 0.714844 0.261806 0.071875 0.112500
0 0.729688 0.231944 0.060938 0.088889
0 0.783203 0.295833 0.080469 0.141667
0 0.818359 0.284722 0.071094 0.125000
0 0.886328 0.220139 0.058594 0.087500
0 0.979688 0.251389 0.040625 0.100000
0 0.965625 0.381944 0.068750 0.188889
0 0.653125 0.229167 0.054688 0.091667
0 0.675000 0.194444 0.040625 0.072222
0 0.650000 0.187500 0.039062 0.063889
0 0.565625 0.190972 0.048437 0.073611
