0 0.910937 0.643056 0.137500 0.219444
0 0.276172 0.915972 0.189844 0.168056
0 0.257031 0.672917 0.106250 0.181944
0 0.110937 0.679167 0.106250 0.175000
0 0.035156 0.718056 0.070312 0.188889
0 0.021875 0.528472 0.043750 0.101389
0 0.050781 0.459722 0.040625 0.066667
0 0.064844 0.395139 0.020312 0.034722
0 0.275781 0.434028 0.046875 0.079167
0 0.442969 0.404167 0.042188 0.069444
0 0.408203 0.390972 0.044531 0.068056
0 0.425781 0.369444 0.040625 0.063889
0 0.486328 0.287500 0.016406 0.027778
0 0.540234 0.291667 0.019531 0.027778
