0 0.973437 0.563194 0.050000 0.209722
0 0.398828 0.845139 0.177344 0.309722
0 0.365234 0.580556 0.094531 0.166667
0 0.223438 0.593750 0.092188 0.165278
0 0.123047 0.624306 0.099219 0.173611
0 0.032031 0.604861 0.064062 0.156944
0 0.028125 0.500000 0.056250 0.094444
0 0.083594 0.491667 0.060938 0.100000
0 0.121875 0.461806 0.053125 0.090278
0 0.152344 0.401389 0.035937 0.063889
0 0.160156 0.338194 0.020312 0.031944
0 0.366797 0.380556 0.042969 0.072222
0 0.530078 0.349306 0.044531 0.062500
0 0.494922 0.343056 0.038281 0.061111
0 0.506641 0.327083 0.038281 0.062500
0 0.568359 0.248611 0.017969 0.030556
0 0.623438 0.254167 0.025000 0.036111
