0 0.959375 0.586806 0.078125 0.340278
0 0.968359 0.311111 0.060156 0.158333
0 0.882031 0.297917 0.090625 0.151389
0 0.866406 0.134028 0.020312 0.043056
0 0.870313 0.174306 0.034375 0.068056
0 0.851562 0.206250 0.050000 0.081944
0 0.820703 0.216667 0.049219 0.094444
0 0.782031 0.270833 0.075000 0.125000
0 0.770703 0.214583 0.057031 0.093056
0 0.722656 0.220139 0.051562 0.095833
0 0.723437 0.344444 0.096875 0.177778
0 0.630469 0.201389 0.050000 0.086111
0 0.570312 0.272222 0.067188 0.127778
0 0.533203 0.278472 0.071094 0.123611
0 0.481641 0.229167 0.057031 0.102778
0 0.432422 0.200694 0.042969 0.079167
0 0.402734 0.186111 0.042969 0.063889
0 0.406641 0.228472 0.052344 0.070833
0 0.467578 0.274306 0.074219 0.112500
0 0.411719 0.292361 0.084375 0.129167
0 0.457812 0.398611 0.121875 0.208333
0 0.317187 0.200000 0.051562 0.083333
0 0.336719 0.380556 0.106250 0.200000
0 0.311328 0.404167 0.135156 0.219444
0 0.217578 0.398611 0.125781 0.219444
0 0.207813 0.287500 0.085938 0.138889
0 0.091797 0.274306 0.077344 0.126389
0 0.043750 0.410417 0.087500 0.231944
