0 0.086328 0.645833 0.169531 0.294444
0 0.232422 0.658333 0.172656 0.311111
0 0.453516 0.511111 0.142969 0.263889
0 0.548047 0.429167 0.136719 0.236111
0 0.621484 0.517361 0.150781 0.265278
0 0.684375 0.397222 0.132812 0.236111
0 0.137500 0.267361 0.110937 0.190278
0 0.385547 0.192361 0.096094 0.168056
0 0.372266 0.098611 0.080469 0.136111
0 0.482812 0.107639 0.087500 0.154167
0 0.205859 0.050000 0.072656 0.100000
0 0.787500 0.187500 0.103125 0.172222
0 0.800781 0.057639 0.078125 0.115278
0 0.879687 0.055556 0.075000 0.111111
