0 0.042188 0.585417 0.084375 0.345833
0 0.147656 0.270833 0.081250 0.133333
0 0.164062 0.344444 0.096875 0.175000
0 0.214453 0.366667 0.113281 0.194444
0 0.281641 0.255556 0.071094 0.119444
0 0.382422 0.279167 0.075781 0.127778
0 0.391016 0.385417 0.108594 0.201389
0 0.474219 0.409722 0.118750 0.213889
0 0.500000 0.378472 0.110937 0.206944
0 0.482031 0.203472 0.043750 0.090278
0 0.570312 0.293750 0.076563 0.129167
0 0.613672 0.407639 0.116406 0.201389
0 0.630469 0.269444 0.071875 0.119444
0 0.646484 0.234028 0.057031 0.104167
0 0.569531 0.233333 0.056250 0.097222
0 0.592969 0.200694 0.042188 0.076389
0 0.569922 0.190972 0.041406 0.073611
0 0.697656 0.295833 0.075000 0.147222
0 0.731250 0.286111 0.070312 0.136111
0 0.794922 0.212500 0.044531 0.083333
0 0.890234 0.377778 0.108594 0.183333
0 0.958203 0.301389 0.083594 0.141667
0 0.892578 0.245833 0.058594 0.102778
0 0.949219 0.240278 0.068750 0.105556
0 0.983984 0.237500 0.032031 0.097222
