0 0.667578 0.227083 0.017969 0.037500
0 0.610547 0.226389 0.016406 0.027778
0 0.576953 0.322222 0.042969 0.072222
0 0.540234 0.315278 0.035156 0.066667
0 0.551172 0.297222 0.032031 0.055556
0 0.412500 0.352083 0.040625 0.076389
0 0.207031 0.309722 0.018750 0.025000
0 0.204297 0.363889 0.036719 0.052778
0 0.171094 0.419444 0.054688 0.091667
0 0.139453 0.447917 0.057031 0.093056
0 0.088281 0.455556 0.053125 0.091667
0 0.071094 0.470139 0.059375 0.095833
0 0.030859 0.488194 0.061719 0.106944
0 0.080469 0.549306 0.085938 0.148611
0 0.185937 0.570139 0.100000 0.168056
0 0.284766 0.538194 0.088281 0.162500
0 0.421094 0.538194 0.095312 0.176389
0 0.467969 0.786806 0.165625 0.301389
0 0.287891 0.930556 0.239844 0.138889
0 0.029297 0.737500 0.058594 0.227778
