0 0.290234 0.867361 0.275781 0.265278
0 0.546875 0.513194 0.118750 0.226389
0 0.677734 0.575694 0.138281 0.243056
0 0.660156 0.511806 0.103125 0.204167
0 0.805469 0.554861 0.129688 0.220833
0 0.896484 0.288194 0.058594 0.098611
0 0.937891 0.283333 0.053906 0.102778
0 0.764063 0.368056 0.079687 0.136111
0 0.794141 0.350000 0.067969 0.155556
0 0.774219 0.234028 0.046875 0.084722
0 0.646484 0.363194 0.092969 0.140278
0 0.680078 0.321528 0.069531 0.134722
0 0.652344 0.252083 0.057813 0.101389
0 0.581250 0.255556 0.056250 0.100000
0 0.574609 0.199306 0.036719 0.068056
0 0.544141 0.188889 0.050781 0.072222
0 0.463672 0.190278 0.049219 0.088889
0 0.435547 0.333333 0.083594 0.147222
0 0.344531 0.488194 0.132812 0.229167
0 0.268750 0.443056 0.118750 0.222222
0 0.167578 0.293056 0.089844 0.141667
0 0.306250 0.285417 0.076563 0.134722
