0 0.037500 0.217361 0.075000 0.181944
0 0.139453 0.161806 0.088281 0.143056
0 0.233594 0.355556 0.148438 0.238889
0 0.354297 0.400000 0.146094 0.255556
0 0.711328 0.837500 0.308594 0.325000
0 0.558594 0.368750 0.128125 0.240278
0 0.652734 0.337500 0.124219 0.216667
0 0.715234 0.397222 0.141406 0.247222
0 0.795313 0.349306 0.125000 0.229167
0 0.917188 0.260417 0.109375 0.170833
0 0.953125 0.188889 0.085938 0.147222
0 0.954297 0.049306 0.044531 0.065278
0 0.816016 0.138889 0.072656 0.133333
0 0.756641 0.061806 0.049219 0.095833
0 0.709766 0.065278 0.053906 0.094444
0 0.676172 0.074306 0.052344 0.095833
0 0.632422 0.163889 0.085156 0.144444
0 0.529688 0.188194 0.090625 0.145833
0 0.530469 0.136806 0.071875 0.118056
0 0.550000 0.040972 0.051562 0.068056
0 0.457422 0.075694 0.060156 0.106944
0 0.391016 0.086806 0.064844 0.109722
0 0.309766 0.191667 0.097656 0.158333
0 0.222266 0.040278 0.060156 0.080556
0 0.305078 0.031944 0.038281 0.063889
0 0.341016 0.033333 0.042969 0.066667
