0 0.565234 0.606944 0.207031 0.369444
0 0.031641 0.326389 0.063281 0.116667
0 0.028125 0.373611 0.056250 0.147222
0 0.073047 0.368056 0.094531 0.155556
0 0.116016 0.351389 0.075781 0.147222
0 0.282422 0.407639 0.111719 0.187500
0 0.351172 0.313889 0.072656 0.127778
0 0.292578 0.274306 0.050781 0.084722
0 0.197266 0.264583 0.046094 0.081944
0 0.446484 0.321528 0.080469 0.129167
0 0.532422 0.317361 0.082031 0.137500
0 0.654688 0.327083 0.093750 0.156944
0 0.711328 0.468056 0.167969 0.269444
0 0.643359 0.202778 0.036719 0.069444
0 0.774219 0.185417 0.035937 0.059722
0 0.815234 0.196528 0.039844 0.079167
0 0.788281 0.165972 0.035937 0.051389
0 0.856641 0.123611 0.016406 0.038889
0 0.919141 0.126389 0.027344 0.044444
0 0.438672 0.168056 0.025781 0.025000
0 0.443750 0.206944 0.035937 0.052778
0 0.423047 0.238889 0.042969 0.075000
0 0.390234 0.253472 0.053906 0.095833
0 0.346875 0.268750 0.057813 0.104167
