0 0.027734 0.254861 0.055469 0.176389
0 0.191797 0.255556 0.103906 0.177778
0 0.139844 0.567361 0.167187 0.287500
0 0.278516 0.587500 0.169531 0.294444
0 0.490625 0.479167 0.139062 0.244444
0 0.585156 0.411111 0.125000 0.222222
0 0.660547 0.493750 0.147656 0.268056
0 0.716016 0.399306 0.132031 0.226389
0 0.821875 0.226389 0.100000 0.175000
0 0.839063 0.104861 0.078125 0.140278
0 0.914062 0.101389 0.078125 0.130556
0 0.701953 0.061806 0.072656 0.118056
0 0.524219 0.133333 0.079687 0.158333
0 0.428906 0.195139 0.092188 0.159722
0 0.418359 0.114583 0.072656 0.120833
0 0.325781 0.040278 0.060938 0.077778
0 0.258594 0.058333 0.064062 0.113889
0 0.064844 0.028472 0.064062 0.051389
