0 0.190234 0.750694 0.221094 0.370833
0 0.336328 0.438194 0.110156 0.201389
0 0.278125 0.405556 0.100000 0.191667
0 0.222266 0.284722 0.083594 0.125000
0 0.352344 0.279167 0.068750 0.111111
0 0.461719 0.327083 0.079687 0.131944
0 0.521094 0.469444 0.115625 0.202778
0 0.625000 0.525694 0.128125 0.218056
0 0.632031 0.475000 0.109375 0.194444
0 0.754687 0.528472 0.123438 0.215278
0 0.975391 0.506944 0.049219 0.191667
0 0.780859 0.371528 0.077344 0.143056
0 0.813672 0.359028 0.058594 0.123611
0 0.835156 0.261806 0.046875 0.087500
0 0.948438 0.320833 0.056250 0.102778
0 0.656641 0.359028 0.078906 0.129167
0 0.705859 0.340972 0.075781 0.129167
0 0.698047 0.284722 0.050781 0.111111
0 0.628125 0.275000 0.062500 0.111111
0 0.523438 0.208333 0.048437 0.091667
0 0.603906 0.216667 0.040625 0.080556
0 0.632812 0.228472 0.053125 0.073611
