0 0.285156 0.543750 0.170312 0.284722
0 0.469531 0.407639 0.093750 0.190278
0 0.414844 0.297917 0.071875 0.120833
0 0.434375 0.377778 0.096875 0.175000
0 0.526953 0.306944 0.061719 0.108333
0 0.621484 0.340972 0.074219 0.129167
0 0.626172 0.440278 0.107031 0.180556
0 0.706641 0.492361 0.117969 0.198611
0 0.733203 0.464583 0.108594 0.195833
0 0.841797 0.506944 0.117969 0.208333
0 0.805078 0.400000 0.078906 0.138889
0 0.873047 0.384722 0.071094 0.125000
0 0.939453 0.417361 0.082031 0.145833
0 0.973437 0.416667 0.050000 0.141667
0 0.809766 0.328472 0.064844 0.104167
0 0.891016 0.345139 0.064844 0.112500
0 0.837500 0.304861 0.045313 0.090278
0 0.810547 0.289583 0.044531 0.079167
0 0.721094 0.279167 0.046875 0.083333
