0 0.081250 0.272222 0.110937 0.172222
0 0.227734 0.242361 0.085156 0.145833
0 0.258984 0.438889 0.136719 0.236111
0 0.360938 0.475694 0.140625 0.248611
0 0.382812 0.279861 0.093750 0.145833
0 0.348047 0.125000 0.049219 0.097222
0 0.421875 0.113194 0.037500 0.065278
0 0.458594 0.126389 0.042188 0.066667
0 0.493750 0.184722 0.057813 0.102778
0 0.554688 0.177778 0.053125 0.088889
0 0.576953 0.475694 0.133594 0.237500
0 0.602344 0.303472 0.087500 0.148611
0 0.610937 0.241667 0.081250 0.122222
0 0.658203 0.143750 0.050781 0.076389
0 0.706250 0.283333 0.078125 0.147222
0 0.722656 0.268750 0.062500 0.123611
0 0.683984 0.454861 0.114844 0.209722
0 0.726953 0.536806 0.158594 0.251389
0 0.827344 0.482639 0.128125 0.223611
0 0.787109 0.193056 0.052344 0.088889
0 0.821094 0.182639 0.053125 0.087500
0 0.872266 0.192361 0.047656 0.095833
0 0.848437 0.122917 0.028125 0.056944
0 0.920703 0.275000 0.071094 0.122222
0 0.969922 0.420139 0.057031 0.195833
0 0.547656 0.904861 0.304688 0.190278
