0 0.484766 0.773611 0.166406 0.325000
0 0.305469 0.923611 0.232812 0.152778
0 0.038281 0.727083 0.076563 0.231944
0 0.093359 0.542361 0.085156 0.151389
0 0.039453 0.484028 0.063281 0.106944
0 0.086328 0.468056 0.063281 0.102778
0 0.099219 0.452778 0.056250 0.100000
0 0.151172 0.445139 0.066406 0.104167
0 0.187500 0.418056 0.056250 0.088889
0 0.215625 0.365972 0.037500 0.070833
0 0.220703 0.305556 0.022656 0.030556
0 0.425000 0.340972 0.039062 0.062500
0 0.584766 0.320139 0.044531 0.076389
0 0.550000 0.314583 0.045313 0.068056
0 0.562891 0.294444 0.035156 0.061111
0 0.621484 0.220139 0.016406 0.031944
0 0.678125 0.226389 0.025000 0.044444
0 0.434766 0.523611 0.089844 0.161111
0 0.303906 0.531944 0.085938 0.158333
0 0.199219 0.554861 0.093750 0.170833
