0 0.057031 0.208333 0.103125 0.155556
0 0.189453 0.474306 0.150781 0.265278
0 0.324609 0.502778 0.155469 0.266667
0 0.245312 0.230556 0.096875 0.172222
0 0.133594 0.036806 0.064062 0.068056
0 0.205078 0.013889 0.049219 0.027778
0 0.251953 0.015972 0.053906 0.031944
0 0.314844 0.069444 0.065625 0.113889
0 0.377734 0.051389 0.063281 0.102778
0 0.466016 0.122917 0.071094 0.120833
0 0.470703 0.201389 0.091406 0.150000
0 0.568359 0.147222 0.082031 0.136111
0 0.530859 0.429861 0.136719 0.240278
0 0.620703 0.381250 0.119531 0.215278
0 0.690234 0.457639 0.141406 0.256944
0 0.751953 0.382639 0.127344 0.220833
0 0.862891 0.246528 0.096094 0.179167
0 0.742578 0.097222 0.074219 0.125000
0 0.885547 0.144444 0.077344 0.133333
0 0.960938 0.143750 0.073437 0.140278
0 0.605078 0.034722 0.053906 0.069444
0 0.636328 0.031250 0.047656 0.056944
0 0.682031 0.031250 0.045313 0.048611
