0 0.091016 0.190278 0.100781 0.161111
0 0.271094 0.210417 0.093750 0.162500
0 0.343359 0.068750 0.060156 0.106944
0 0.408984 0.059028 0.058594 0.087500
0 0.496094 0.128472 0.070312 0.118056
0 0.496484 0.195139 0.088281 0.165278
0 0.593750 0.153472 0.084375 0.159722
0 0.631641 0.043750 0.052344 0.087500
0 0.662109 0.038194 0.046094 0.070833
0 0.709375 0.039583 0.053125 0.079167
0 0.773047 0.115972 0.066406 0.118056
0 0.909766 0.159028 0.083594 0.123611
0 0.973047 0.172917 0.050781 0.143056
0 0.883203 0.245139 0.097656 0.162500
0 0.769141 0.367361 0.128906 0.215278
0 0.703906 0.422222 0.137500 0.247222
0 0.543359 0.408333 0.138281 0.244444
0 0.629687 0.356944 0.125000 0.219444
0 0.336328 0.445833 0.157031 0.272222
0 0.207813 0.427083 0.148438 0.254167
0 0.169531 0.034722 0.059375 0.069444
0 0.246875 0.025694 0.051562 0.043056
0 0.283594 0.025694 0.051562 0.051389
0 0.751172 0.908333 0.292969 0.183333
