0 0.038672 0.212500 0.077344 0.186111
0 0.154297 0.172917 0.094531 0.140278
0 0.239453 0.364583 0.146094 0.245833
0 0.355859 0.397917 0.149219 0.256944
0 0.324219 0.200694 0.095312 0.159722
0 0.246094 0.051389 0.053125 0.097222
0 0.326172 0.038889 0.047656 0.077778
0 0.362109 0.043056 0.041406 0.077778
0 0.408594 0.095139 0.068750 0.120833
0 0.473828 0.086806 0.061719 0.101389
0 0.565625 0.050694 0.048437 0.087500
0 0.542578 0.150000 0.072656 0.130556
0 0.542969 0.203472 0.085938 0.137500
0 0.565234 0.366667 0.135156 0.244444
0 0.660937 0.344444 0.118750 0.208333
0 0.717188 0.403472 0.146875 0.243056
0 0.799219 0.363889 0.129688 0.213889
0 0.642578 0.179861 0.077344 0.129167
0 0.654297 0.156250 0.064844 0.106944
0 0.693359 0.092361 0.050781 0.095833
0 0.725781 0.080556 0.053125 0.088889
0 0.778906 0.083333 0.051562 0.083333
0 0.736719 0.027778 0.032812 0.047222
0 0.835938 0.154861 0.071875 0.123611
0 0.928906 0.279167 0.106250 0.163889
0 0.961719 0.205556 0.073437 0.152778
0 0.976562 0.068750 0.040625 0.070833
0 0.695703 0.838889 0.314844 0.322222
