0 0.727344 0.201389 0.018750 0.036111
0 0.667578 0.201389 0.017969 0.027778
0 0.613672 0.270833 0.032031 0.058333
0 0.598047 0.284028 0.036719 0.068056
0 0.636719 0.290972 0.050000 0.070833
0 0.473047 0.316667 0.042969 0.072222
0 0.266016 0.277083 0.022656 0.040278
0 0.267578 0.327083 0.035156 0.054167
0 0.240625 0.376389 0.050000 0.091667
0 0.206250 0.402083 0.053125 0.104167
0 0.154297 0.404861 0.058594 0.104167
0 0.141406 0.425694 0.067188 0.098611
0 0.096875 0.446528 0.062500 0.104167
0 0.155859 0.497917 0.078906 0.159722
0 0.258203 0.512500 0.094531 0.150000
0 0.354688 0.492361 0.087500 0.148611
0 0.485547 0.483333 0.088281 0.152778
0 0.067969 0.662500 0.135937 0.216667
0 0.369531 0.880556 0.239063 0.238889
0 0.537109 0.725694 0.171094 0.304167
