0 0.880078 0.118056 0.016406 0.033333
0 0.945703 0.121528 0.014844 0.037500
0 0.816797 0.158333 0.030469 0.058333
0 0.796484 0.170139 0.032031 0.056944
0 0.838672 0.175694 0.046094 0.070833
0 0.668359 0.187500 0.044531 0.058333
0 0.466016 0.152778 0.017969 0.033333
0 0.465625 0.195139 0.034375 0.051389
0 0.446484 0.224306 0.046094 0.081944
0 0.415234 0.233333 0.057031 0.088889
0 0.364062 0.240972 0.062500 0.093056
0 0.316797 0.246528 0.058594 0.087500
0 0.371484 0.290972 0.072656 0.120833
0 0.302344 0.371528 0.112500 0.195833
0 0.465625 0.297917 0.082813 0.134722
0 0.552344 0.293056 0.079687 0.144444
0 0.678906 0.301389 0.093750 0.172222
0 0.728906 0.431250 0.157813 0.268056
0 0.580078 0.546528 0.203906 0.362500
0 0.220313 0.238889 0.045313 0.091667
0 0.142188 0.320833 0.084375 0.138889
0 0.098047 0.339583 0.092969 0.156944
0 0.034766 0.331250 0.069531 0.145833
0 0.039062 0.300000 0.076563 0.127778
0 0.028125 0.504167 0.056250 0.230556
