0 0.233984 0.552778 0.167969 0.294444
0 0.428516 0.403472 0.100781 0.176389
0 0.394531 0.381250 0.093750 0.168056
0 0.375781 0.300694 0.071875 0.120833
0 0.492188 0.310417 0.062500 0.112500
0 0.580469 0.343750 0.075000 0.126389
0 0.586719 0.443750 0.109375 0.184722
0 0.659766 0.489583 0.114844 0.201389
0 0.691797 0.454167 0.094531 0.183333
0 0.797266 0.503472 0.116406 0.204167
0 0.763672 0.394444 0.080469 0.141667
0 0.831250 0.377083 0.067188 0.118056
0 0.895703 0.404861 0.075781 0.134722
0 0.938672 0.409028 0.064844 0.140278
0 0.772266 0.326389 0.055469 0.100000
0 0.851172 0.325694 0.050781 0.098611
0 0.684375 0.272222 0.051562 0.083333
0 0.772266 0.273611 0.036719 0.063889
0 0.800391 0.286806 0.042969 0.079167
