0 0.170312 0.686111 0.209375 0.344444
0 0.348437 0.435417 0.109375 0.187500
0 0.301172 0.402778 0.100781 0.177778
0 0.261719 0.295833 0.071875 0.133333
0 0.387891 0.300694 0.066406 0.123611
0 0.487500 0.340278 0.073437 0.130556
0 0.520703 0.470139 0.110156 0.193056
0 0.612109 0.525000 0.121094 0.213889
0 0.628125 0.479167 0.104687 0.186111
0 0.743359 0.525694 0.114844 0.204167
0 0.676172 0.378472 0.080469 0.137500
0 0.731641 0.359028 0.069531 0.118056
0 0.805078 0.391667 0.077344 0.133333
0 0.833984 0.381944 0.066406 0.125000
0 0.569531 0.241667 0.045313 0.077778
0 0.664453 0.297222 0.052344 0.097222
0 0.650781 0.242361 0.037500 0.068056
0 0.678516 0.255556 0.047656 0.063889
0 0.737891 0.299306 0.053906 0.084722
0 0.882031 0.291667 0.046875 0.080556
0 0.982031 0.350694 0.035937 0.101389
0 0.977734 0.522917 0.044531 0.181944
