0 0.849219 0.127778 0.032812 0.058333
0 0.873438 0.192361 0.048437 0.081944
0 0.821094 0.188889 0.050000 0.091667
0 0.787500 0.190972 0.054688 0.087500
0 0.916406 0.272917 0.076563 0.123611
0 0.970703 0.415278 0.058594 0.183333
0 0.824609 0.489583 0.141406 0.229167
0 0.679297 0.456250 0.117969 0.212500
0 0.726172 0.532639 0.152344 0.254167
0 0.573828 0.475000 0.136719 0.236111
0 0.705078 0.284722 0.083594 0.144444
0 0.721484 0.260417 0.074219 0.115278
0 0.599219 0.300000 0.079687 0.144444
0 0.614062 0.253472 0.073437 0.129167
0 0.557813 0.182639 0.054688 0.093056
0 0.657812 0.147222 0.045313 0.075000
0 0.492188 0.184722 0.059375 0.105556
0 0.458594 0.124306 0.046875 0.081944
0 0.424609 0.115278 0.042969 0.075000
0 0.349609 0.123611 0.050781 0.088889
0 0.226953 0.243750 0.085156 0.140278
0 0.078125 0.272222 0.106250 0.180556
0 0.258203 0.438194 0.139844 0.248611
0 0.361719 0.481944 0.146875 0.247222
0 0.382422 0.284028 0.091406 0.154167
0 0.546484 0.906250 0.299219 0.187500
