0 0.169141 0.672917 0.199219 0.331944
0 0.356641 0.438889 0.107031 0.188889
0 0.312891 0.402778 0.102344 0.166667
0 0.278906 0.300000 0.076563 0.125000
0 0.401563 0.304861 0.065625 0.115278
0 0.500000 0.343750 0.071875 0.129167
0 0.521875 0.472917 0.104687 0.193056
0 0.612891 0.525000 0.122656 0.213889
0 0.630859 0.487500 0.102344 0.183333
0 0.744531 0.529167 0.115625 0.202778
0 0.688672 0.388194 0.083594 0.137500
0 0.745313 0.370139 0.067188 0.126389
0 0.814844 0.400000 0.079687 0.136111
0 0.851953 0.393056 0.061719 0.133333
0 0.678516 0.306250 0.057031 0.090278
0 0.586719 0.250000 0.042188 0.077778
0 0.670313 0.251389 0.039062 0.072222
0 0.694531 0.259722 0.045313 0.069444
0 0.754297 0.310417 0.057031 0.093056
0 0.903906 0.304861 0.048437 0.079167
0 0.982813 0.534028 0.034375 0.162500
