0 0.253516 0.837500 0.258594 0.325000
0 0.658594 0.559722 0.135937 0.241667
0 0.532812 0.500000 0.115625 0.219444
0 0.336719 0.475000 0.120312 0.216667
0 0.266406 0.427083 0.109375 0.204167
0 0.182422 0.286806 0.085156 0.148611
0 0.319922 0.286111 0.074219 0.127778
0 0.442578 0.320833 0.078906 0.138889
0 0.480859 0.200694 0.047656 0.084722
0 0.556641 0.196528 0.036719 0.073611
0 0.589844 0.209028 0.048437 0.079167
0 0.593359 0.261111 0.060156 0.086111
0 0.665625 0.259028 0.059375 0.093056
0 0.689062 0.324306 0.062500 0.123611
0 0.648828 0.361806 0.082031 0.140278
0 0.655078 0.504167 0.128906 0.208333
0 0.771094 0.360417 0.084375 0.143056
0 0.800781 0.348611 0.057813 0.125000
0 0.789844 0.543750 0.126563 0.209722
0 0.790625 0.234722 0.048437 0.080556
0 0.911328 0.293750 0.053906 0.087500
0 0.955469 0.296528 0.054688 0.093056
0 0.986719 0.381250 0.026563 0.109722
0 0.981250 0.506944 0.037500 0.166667
