0 0.553906 0.655556 0.204688 0.369444
0 0.020312 0.340972 0.040625 0.106944
0 0.050000 0.404167 0.092188 0.161111
0 0.096094 0.381944 0.085938 0.141667
0 0.179688 0.285417 0.051562 0.090278
0 0.264844 0.440972 0.114063 0.190278
0 0.335156 0.337500 0.070312 0.133333
0 0.276953 0.291667 0.055469 0.091667
0 0.325391 0.271528 0.052344 0.090278
0 0.376172 0.268750 0.049219 0.087500
0 0.405078 0.250000 0.038281 0.066667
0 0.423438 0.222222 0.026563 0.050000
0 0.424219 0.185417 0.012500 0.023611
0 0.430469 0.352083 0.089062 0.148611
0 0.516406 0.345833 0.078125 0.141667
0 0.639844 0.342361 0.092188 0.154167
0 0.699609 0.504861 0.157031 0.268056
0 0.627734 0.212500 0.044531 0.069444
0 0.775781 0.184722 0.031250 0.061111
0 0.753906 0.196528 0.035937 0.056944
0 0.796875 0.209722 0.040625 0.072222
0 0.835547 0.131944 0.017969 0.027778
0 0.897266 0.136806 0.024219 0.043056
