0 0.171094 0.682639 0.210938 0.337500
0 0.349609 0.436111 0.105469 0.188889
0 0.301172 0.402083 0.099219 0.179167
0 0.260938 0.293750 0.076563 0.123611
0 0.389453 0.295833 0.063281 0.125000
0 0.488281 0.335417 0.075000 0.131944
0 0.518359 0.464583 0.108594 0.201389
0 0.612500 0.522222 0.123438 0.225000
0 0.744141 0.529861 0.116406 0.204167
0 0.626953 0.483333 0.103906 0.180556
0 0.679688 0.384028 0.075000 0.129167
0 0.569922 0.238194 0.046094 0.076389
0 0.662109 0.293750 0.057031 0.106944
0 0.651563 0.236806 0.042188 0.059722
0 0.679688 0.258333 0.045313 0.080556
0 0.738281 0.295139 0.054688 0.093056
0 0.730859 0.352778 0.067969 0.116667
0 0.801953 0.389583 0.078906 0.140278
0 0.835156 0.382639 0.067188 0.134722
0 0.883203 0.294444 0.047656 0.097222
0 0.979688 0.345139 0.040625 0.095833
0 0.975000 0.527083 0.050000 0.179167
