0 0.421875 0.853472 0.235938 0.293056
0 0.582031 0.686806 0.171875 0.306944
0 0.111719 0.622222 0.140625 0.216667
0 0.521094 0.459722 0.093750 0.155556
0 0.389453 0.463889 0.088281 0.155556
0 0.301172 0.479167 0.094531 0.169444
0 0.199219 0.461806 0.081250 0.143056
0 0.762891 0.188889 0.022656 0.033333
0 0.704687 0.178472 0.021875 0.026389
0 0.669922 0.272222 0.042969 0.072222
0 0.648828 0.247917 0.033594 0.065278
0 0.632031 0.264583 0.045313 0.065278
0 0.507812 0.296528 0.045313 0.081944
0 0.305078 0.254861 0.021094 0.026389
0 0.305469 0.301389 0.034375 0.050000
0 0.278906 0.345139 0.054688 0.087500
0 0.246094 0.373611 0.048437 0.088889
0 0.201562 0.379167 0.050000 0.108333
0 0.183984 0.398611 0.058594 0.097222
0 0.138281 0.404167 0.060938 0.108333
0 0.038281 0.397917 0.056250 0.095833
