0 0.160156 0.265278 0.106250 0.183333
0 0.107031 0.618056 0.176563 0.300000
0 0.253516 0.630556 0.177344 0.316667
0 0.470313 0.493750 0.145313 0.254167
0 0.564062 0.425694 0.126563 0.243056
0 0.637500 0.509722 0.148438 0.280556
0 0.699219 0.398611 0.131250 0.233333
0 0.802344 0.200000 0.101562 0.177778
0 0.819922 0.074306 0.080469 0.145833
0 0.890234 0.064583 0.078906 0.129167
0 0.679688 0.047917 0.067188 0.095833
0 0.501172 0.116667 0.083594 0.169444
0 0.402344 0.191667 0.092188 0.169444
0 0.391797 0.111806 0.075781 0.140278
0 0.226953 0.054167 0.069531 0.108333
