0 0.835547 0.163889 0.022656 0.033333
0 0.774609 0.154167 0.017969 0.027778
0 0.739062 0.240972 0.039062 0.062500
0 0.710547 0.218750 0.038281 0.068056
0 0.698438 0.231944 0.043750 0.072222
0 0.571094 0.254861 0.035937 0.070833
0 0.370703 0.218056 0.021094 0.036111
0 0.370313 0.266667 0.039062 0.075000
0 0.348047 0.304861 0.046094 0.081944
0 0.319141 0.318750 0.052344 0.093056
0 0.271094 0.333333 0.065625 0.105556
0 0.219141 0.350694 0.060156 0.101389
0 0.114063 0.343056 0.057813 0.091667
0 0.038281 0.470139 0.076563 0.159722
0 0.019531 0.493750 0.039062 0.168056
0 0.200000 0.540972 0.121875 0.198611
0 0.275781 0.407639 0.078125 0.134722
0 0.373828 0.425694 0.085156 0.168056
0 0.463672 0.414583 0.083594 0.156944
0 0.590625 0.408333 0.090625 0.163889
0 0.648438 0.609028 0.160938 0.287500
0 0.507031 0.803472 0.221875 0.393056
