0 0.047656 0.238889 0.092188 0.169444
0 0.193750 0.206944 0.084375 0.138889
0 0.253906 0.403472 0.142188 0.229167
0 0.362500 0.443750 0.142188 0.256944
0 0.635547 0.869444 0.311719 0.261111
0 0.573828 0.424306 0.133594 0.240278
0 0.727344 0.471528 0.145313 0.245833
0 0.675000 0.405556 0.110937 0.211111
0 0.819531 0.431250 0.121875 0.218056
0 0.954297 0.346528 0.088281 0.173611
0 0.874609 0.218750 0.074219 0.123611
0 0.676953 0.238889 0.082031 0.127778
0 0.687109 0.215278 0.066406 0.122222
0 0.575781 0.247917 0.079687 0.143056
0 0.580469 0.195833 0.062500 0.113889
0 0.612109 0.099306 0.047656 0.081944
0 0.738672 0.138194 0.052344 0.079167
0 0.775391 0.134722 0.049219 0.091667
0 0.824219 0.135417 0.043750 0.087500
0 0.792188 0.066667 0.034375 0.058333
0 0.451172 0.137500 0.063281 0.105556
0 0.517187 0.131944 0.059375 0.108333
0 0.355469 0.238889 0.089062 0.152778
0 0.299609 0.084722 0.053906 0.094444
0 0.371094 0.077778 0.040625 0.075000
0 0.410937 0.084722 0.046875 0.083333
