0 0.431641 0.847222 0.224219 0.305556
0 0.583984 0.679861 0.163281 0.312500
0 0.123438 0.611806 0.135937 0.209722
0 0.526953 0.458333 0.092969 0.161111
0 0.400000 0.454167 0.084375 0.152778
0 0.308984 0.472222 0.088281 0.150000
0 0.205078 0.453472 0.078906 0.129167
0 0.769922 0.177083 0.022656 0.031944
0 0.714453 0.177778 0.019531 0.019444
0 0.677734 0.270833 0.042969 0.075000
0 0.653125 0.240972 0.034375 0.065278
0 0.637891 0.260417 0.042969 0.065278
0 0.513281 0.286806 0.042188 0.062500
0 0.310156 0.252083 0.020312 0.031944
0 0.307422 0.299306 0.035156 0.054167
0 0.283203 0.347222 0.058594 0.091667
0 0.257422 0.363889 0.061719 0.091667
0 0.204297 0.369444 0.055469 0.094444
0 0.189844 0.391667 0.060938 0.094444
0 0.148047 0.401389 0.063281 0.097222
0 0.043750 0.390972 0.054688 0.101389
