0 0.836328 0.287500 0.042969 0.086111
0 0.864844 0.300694 0.045313 0.079167
0 0.838672 0.329167 0.061719 0.102778
0 0.744922 0.277083 0.046094 0.081944
0 0.836328 0.393750 0.078906 0.137500
0 0.897266 0.380556 0.078906 0.144444
0 0.916797 0.333333 0.067969 0.086111
0 0.963672 0.418056 0.069531 0.152778
0 0.874219 0.507639 0.117188 0.204167
0 0.762109 0.464583 0.105469 0.195833
0 0.735937 0.497222 0.121875 0.205556
0 0.652734 0.445139 0.108594 0.176389
0 0.648047 0.355556 0.080469 0.141667
0 0.553125 0.315278 0.071875 0.116667
0 0.496484 0.402083 0.094531 0.176389
0 0.466016 0.377083 0.097656 0.159722
0 0.439844 0.297222 0.068750 0.111111
0 0.320703 0.543056 0.161719 0.280556
