0 0.953125 0.610417 0.090625 0.231944
0 0.355469 0.883333 0.196875 0.233333
0 0.325781 0.620833 0.096875 0.172222
0 0.186328 0.630556 0.094531 0.169444
0 0.079687 0.666667 0.104687 0.186111
0 0.036719 0.524306 0.064062 0.106944
0 0.078516 0.490972 0.057031 0.087500
0 0.116016 0.427083 0.036719 0.059722
0 0.125000 0.361111 0.018750 0.030556
0 0.334766 0.407639 0.042969 0.076389
0 0.500781 0.376389 0.037500 0.072222
0 0.464063 0.366667 0.035937 0.072222
0 0.477734 0.349306 0.036719 0.065278
0 0.538281 0.265972 0.020312 0.031944
0 0.592188 0.274306 0.025000 0.037500
