0 0.957812 0.122917 0.023438 0.034722
0 0.891406 0.115278 0.017188 0.038889
0 0.849609 0.179861 0.046094 0.076389
0 0.826172 0.164583 0.036719 0.056944
0 0.808203 0.172222 0.033594 0.061111
0 0.682422 0.178472 0.042969 0.056944
0 0.474609 0.150000 0.016406 0.027778
0 0.479297 0.183333 0.036719 0.050000
0 0.454688 0.207639 0.043750 0.065278
0 0.427734 0.225694 0.053906 0.084722
0 0.373828 0.240278 0.057031 0.105556
0 0.329688 0.236111 0.048437 0.086111
0 0.382812 0.267361 0.078125 0.126389
0 0.310937 0.361806 0.109375 0.201389
0 0.230469 0.231250 0.045313 0.079167
0 0.146484 0.317361 0.080469 0.143056
0 0.109766 0.327083 0.094531 0.154167
0 0.057031 0.281944 0.070312 0.108333
0 0.037500 0.318056 0.075000 0.141667
0 0.030859 0.466667 0.061719 0.250000
0 0.584375 0.530556 0.212500 0.366667
0 0.740625 0.420139 0.157813 0.265278
0 0.687500 0.286111 0.089062 0.150000
0 0.562891 0.279861 0.074219 0.129167
0 0.474609 0.288889 0.083594 0.136111
