0 0.383984 0.874306 0.232031 0.251389
0 0.548047 0.703472 0.167969 0.306944
0 0.496484 0.477083 0.089844 0.165278
0 0.368359 0.478472 0.088281 0.151389
0 0.275781 0.504167 0.089062 0.158333
0 0.171484 0.482639 0.080469 0.145833
0 0.080078 0.647222 0.132031 0.225000
0 0.739062 0.200000 0.020312 0.033333
0 0.681641 0.190278 0.014844 0.019444
0 0.621875 0.268750 0.034375 0.070833
0 0.608594 0.275000 0.034375 0.066667
0 0.650391 0.285417 0.049219 0.070833
0 0.482422 0.309028 0.041406 0.073611
0 0.278906 0.272917 0.023438 0.034722
0 0.278516 0.320139 0.038281 0.059722
0 0.252344 0.371528 0.054688 0.090278
0 0.221484 0.387500 0.055469 0.086111
0 0.172656 0.397917 0.059375 0.087500
0 0.153906 0.417361 0.062500 0.104167
0 0.110156 0.425694 0.065625 0.098611
0 0.019922 0.417361 0.039844 0.090278
