0 0.392969 0.509722 0.156250 0.288889
0 0.483984 0.288889 0.064844 0.119444
0 0.510547 0.353472 0.088281 0.159722
0 0.552344 0.393056 0.100000 0.169444
0 0.597266 0.297917 0.069531 0.112500
0 0.695703 0.335417 0.077344 0.134722
0 0.710156 0.427778 0.106250 0.183333
0 0.793750 0.477778 0.123438 0.208333
0 0.817578 0.450000 0.103906 0.194444
0 0.932422 0.495833 0.122656 0.205556
0 0.984766 0.407639 0.027344 0.131944
0 0.883984 0.390972 0.078906 0.140278
0 0.956641 0.372222 0.080469 0.125000
0 0.966016 0.321528 0.064844 0.087500
0 0.885156 0.313194 0.059375 0.079167
0 0.911719 0.290972 0.056250 0.068056
0 0.880859 0.277083 0.044531 0.070833
0 0.787891 0.272917 0.046094 0.087500
