0 0.740625 0.283333 0.053125 0.091667
0 0.726172 0.485417 0.114844 0.201389
0 0.749219 0.461806 0.112500 0.201389
0 0.861719 0.505556 0.115625 0.208333
0 0.829687 0.394444 0.082813 0.127778
0 0.891016 0.382639 0.069531 0.129167
0 0.958984 0.415278 0.078906 0.150000
0 0.912500 0.343056 0.050000 0.094444
0 0.831250 0.329861 0.064062 0.095833
0 0.861719 0.304167 0.056250 0.080556
0 0.833984 0.281250 0.047656 0.073611
0 0.652344 0.440972 0.109375 0.176389
0 0.637500 0.343750 0.075000 0.115278
0 0.546875 0.308333 0.065625 0.116667
0 0.492188 0.400694 0.095312 0.173611
0 0.454688 0.372222 0.096875 0.150000
0 0.432813 0.295139 0.073437 0.109722
0 0.316406 0.543056 0.173438 0.266667
