0 0.944922 0.323611 0.088281 0.138889
0 0.975391 0.323611 0.049219 0.138889
0 0.869141 0.296528 0.072656 0.123611
0 0.885938 0.263889 0.059375 0.100000
0 0.833594 0.225000 0.040625 0.072222
0 0.805078 0.218056 0.047656 0.075000
0 0.801562 0.250694 0.056250 0.084722
0 0.811719 0.315278 0.085938 0.144444
0 0.860156 0.401389 0.123438 0.202778
0 0.748438 0.363194 0.100000 0.176389
0 0.722266 0.391667 0.125781 0.213889
0 0.637109 0.352083 0.119531 0.190278
0 0.619922 0.268750 0.080469 0.123611
0 0.713281 0.215278 0.048437 0.086111
0 0.521094 0.244444 0.070312 0.116667
0 0.473437 0.322222 0.101562 0.180556
0 0.434766 0.300694 0.099219 0.165278
0 0.406641 0.237500 0.077344 0.125000
0 0.295703 0.452083 0.178906 0.301389
