0 0.043359 0.229861 0.086719 0.190278
0 0.184375 0.200000 0.092188 0.152778
0 0.287500 0.072917 0.053125 0.093056
0 0.365625 0.065278 0.046875 0.077778
0 0.402344 0.072917 0.054688 0.084722
0 0.441406 0.131944 0.064062 0.108333
0 0.505078 0.118750 0.053906 0.106944
0 0.600781 0.088194 0.045313 0.084722
0 0.732422 0.131944 0.050781 0.091667
0 0.764063 0.122917 0.051562 0.093056
0 0.813672 0.121528 0.057031 0.090278
0 0.778516 0.065972 0.033594 0.059722
0 0.867578 0.203472 0.069531 0.126389
0 0.950391 0.335417 0.096094 0.184722
0 0.671875 0.225694 0.078125 0.134722
0 0.681250 0.196528 0.062500 0.112500
0 0.567578 0.241667 0.083594 0.130556
0 0.572656 0.187500 0.070312 0.108333
0 0.569922 0.411111 0.135156 0.241667
0 0.669922 0.386111 0.116406 0.211111
0 0.725391 0.457639 0.149219 0.245833
0 0.814062 0.412500 0.129688 0.222222
0 0.350781 0.231944 0.093750 0.158333
0 0.254687 0.397917 0.151562 0.243056
0 0.362891 0.431944 0.147656 0.255556
0 0.645703 0.870139 0.317969 0.259722
