0 0.062891 0.268056 0.108594 0.180556
0 0.213672 0.228472 0.086719 0.134722
0 0.254297 0.426389 0.133594 0.241667
0 0.362891 0.474306 0.149219 0.245833
0 0.374609 0.269444 0.099219 0.158333
0 0.331250 0.107639 0.050000 0.095833
0 0.404687 0.097917 0.042188 0.081944
0 0.435937 0.107639 0.053125 0.081944
0 0.475781 0.171528 0.059375 0.104167
0 0.537109 0.165278 0.057031 0.091667
0 0.592188 0.284028 0.082813 0.134722
0 0.577734 0.459722 0.130469 0.236111
0 0.583203 0.886806 0.307031 0.226389
0 0.730469 0.513194 0.145313 0.245833
0 0.679688 0.443056 0.121875 0.208333
0 0.821484 0.461111 0.121094 0.225000
0 0.600781 0.235417 0.065625 0.115278
0 0.695312 0.258333 0.082813 0.147222
0 0.639453 0.127083 0.047656 0.076389
0 0.767969 0.177083 0.057813 0.095833
0 0.803516 0.168750 0.046094 0.093056
0 0.853906 0.168056 0.048437 0.088889
0 0.826563 0.109722 0.029687 0.050000
0 0.901172 0.252778 0.075781 0.127778
0 0.964453 0.390278 0.067969 0.183333
