0 0.385156 0.496528 0.157813 0.270833
0 0.546484 0.376389 0.094531 0.172222
0 0.707031 0.409028 0.107813 0.190278
0 0.789844 0.456250 0.126563 0.198611
0 0.814062 0.431250 0.107813 0.181944
0 0.929297 0.476389 0.121094 0.200000
0 0.511328 0.352083 0.099219 0.156944
0 0.483203 0.280556 0.077344 0.125000
0 0.592969 0.288194 0.064062 0.115278
0 0.690625 0.320139 0.075000 0.120833
0 0.784375 0.263194 0.043750 0.084722
0 0.883203 0.372222 0.082031 0.136111
0 0.946484 0.354167 0.075781 0.125000
0 0.986719 0.392361 0.026563 0.137500
0 0.878125 0.306250 0.060938 0.087500
0 0.899219 0.279861 0.051562 0.079167
0 0.871484 0.266667 0.042969 0.077778
0 0.961328 0.324306 0.066406 0.101389
