0 0.086719 0.270833 0.110937 0.163889
0 0.232812 0.243056 0.085938 0.144444
0 0.258984 0.435417 0.136719 0.248611
0 0.387500 0.287500 0.089062 0.166667
0 0.358203 0.131250 0.050781 0.090278
0 0.358594 0.481250 0.142188 0.245833
0 0.575000 0.480556 0.137500 0.236111
0 0.725000 0.542361 0.145313 0.251389
0 0.684375 0.468056 0.132812 0.219444
0 0.604688 0.310417 0.085938 0.131944
0 0.619141 0.256944 0.074219 0.122222
0 0.712109 0.289583 0.083594 0.134722
0 0.727344 0.277083 0.070312 0.126389
0 0.828125 0.497917 0.125000 0.231944
0 0.431250 0.117361 0.045313 0.087500
0 0.464844 0.125694 0.045313 0.079167
0 0.499219 0.183333 0.057813 0.108333
0 0.563281 0.187500 0.054688 0.094444
0 0.667969 0.152778 0.046875 0.077778
0 0.796484 0.202778 0.050781 0.097222
0 0.830859 0.190972 0.055469 0.101389
0 0.881250 0.188194 0.048437 0.093056
0 0.856641 0.134722 0.035156 0.052778
0 0.927344 0.281250 0.079687 0.131944
0 0.971875 0.425000 0.053125 0.205556
0 0.533594 0.903472 0.289062 0.193056
