0 0.065234 0.036111 0.060156 0.066667
0 0.022266 0.254167 0.042969 0.180556
0 0.189063 0.256944 0.109375 0.175000
0 0.137500 0.565278 0.167187 0.283333
0 0.276172 0.585417 0.166406 0.295833
0 0.491016 0.479861 0.139844 0.262500
0 0.577344 0.411111 0.135937 0.222222
0 0.657812 0.496528 0.145313 0.270833
0 0.717969 0.393056 0.129688 0.219444
0 0.823047 0.223611 0.105469 0.175000
0 0.840625 0.099306 0.079687 0.134722
0 0.915234 0.098611 0.078906 0.147222
0 0.701172 0.060417 0.067969 0.120833
0 0.526172 0.140278 0.082031 0.152778
0 0.429688 0.197222 0.089062 0.158333
0 0.416406 0.119444 0.079687 0.133333
0 0.258203 0.059722 0.067969 0.113889
0 0.323828 0.043056 0.061719 0.086111
