0 0.028125 0.213889 0.048437 0.063889
0 0.033984 0.249306 0.067969 0.081944
0 0.033984 0.304861 0.067969 0.118056
0 0.068359 0.218750 0.049219 0.070833
0 0.125781 0.254861 0.070312 0.131944
0 0.094141 0.284722 0.082031 0.144444
0 0.067578 0.422917 0.135156 0.248611
0 0.171094 0.293750 0.087500 0.151389
0 0.212500 0.275694 0.068750 0.137500
0 0.289453 0.210417 0.049219 0.081944
0 0.532031 0.138194 0.020312 0.023611
0 0.529297 0.175694 0.036719 0.051389
0 0.506641 0.199306 0.041406 0.081944
0 0.480859 0.209028 0.052344 0.090278
0 0.429688 0.215972 0.059375 0.095833
0 0.387500 0.216667 0.057813 0.094444
0 0.439453 0.252083 0.072656 0.118056
0 0.371875 0.329167 0.109375 0.186111
0 0.532031 0.268750 0.079687 0.143056
0 0.620313 0.265278 0.081250 0.141667
0 0.648047 0.506944 0.203906 0.366667
0 0.736719 0.169444 0.042188 0.066667
0 0.750000 0.276389 0.096875 0.150000
0 0.800781 0.404167 0.164062 0.277778
0 0.957812 0.107639 0.020312 0.029167
0 0.890625 0.154167 0.039062 0.055556
0 0.871094 0.164583 0.042188 0.059722
0 0.915625 0.170833 0.045313 0.072222
