0 0.935938 0.142361 0.021875 0.029167
0 0.939453 0.184028 0.036719 0.065278
0 0.913672 0.215972 0.046094 0.087500
0 0.881641 0.222917 0.052344 0.090278
0 0.842188 0.279861 0.073437 0.120833
0 0.828906 0.229167 0.059375 0.105556
0 0.781641 0.230556 0.053906 0.100000
0 0.782031 0.362500 0.103125 0.175000
0 0.944922 0.315278 0.092969 0.152778
0 0.686719 0.201389 0.046875 0.075000
0 0.508203 0.407639 0.117969 0.215278
0 0.393750 0.392361 0.110937 0.209722
0 0.366797 0.422222 0.130469 0.222222
0 0.275000 0.393750 0.121875 0.212500
0 0.268750 0.297222 0.087500 0.147222
0 0.159766 0.272222 0.074219 0.130556
0 0.079687 0.389583 0.134375 0.220833
0 0.041016 0.371528 0.082031 0.187500
0 0.031250 0.320833 0.062500 0.200000
0 0.371875 0.202778 0.043750 0.086111
0 0.460156 0.191667 0.034375 0.063889
0 0.485156 0.197222 0.040625 0.080556
0 0.467578 0.229167 0.053906 0.075000
0 0.465234 0.299306 0.082031 0.129167
0 0.523828 0.269444 0.069531 0.116667
0 0.539062 0.233333 0.056250 0.097222
0 0.587891 0.285417 0.078906 0.126389
0 0.624609 0.278472 0.063281 0.118056
