0 0.562891 0.598611 0.207031 0.361111
0 0.440234 0.165278 0.022656 0.016667
0 0.443750 0.206944 0.035937 0.052778
0 0.421875 0.240972 0.045313 0.073611
0 0.391406 0.254167 0.056250 0.091667
0 0.341016 0.260417 0.064844 0.095833
0 0.294922 0.268750 0.060156 0.090278
0 0.353125 0.306250 0.076563 0.131944
0 0.198828 0.261111 0.057031 0.080556
0 0.119531 0.359722 0.082813 0.141667
0 0.069531 0.372917 0.096875 0.154167
0 0.028516 0.323611 0.057031 0.119444
0 0.018750 0.368056 0.037500 0.147222
0 0.282813 0.409722 0.115625 0.191667
0 0.444531 0.326389 0.084375 0.141667
0 0.531250 0.313889 0.078125 0.138889
0 0.655469 0.322917 0.092188 0.151389
0 0.711328 0.473611 0.160156 0.272222
0 0.854688 0.118750 0.018750 0.040278
0 0.918359 0.123611 0.024219 0.036111
0 0.791016 0.171528 0.033594 0.059722
0 0.774219 0.185417 0.037500 0.062500
0 0.813672 0.191667 0.041406 0.080556
0 0.643750 0.200694 0.042188 0.073611
