0 0.984766 0.116667 0.017969 0.038889
0 0.917578 0.109028 0.021094 0.034722
0 0.850781 0.154861 0.034375 0.056944
0 0.875391 0.173611 0.044531 0.077778
0 0.833984 0.169444 0.033594 0.069444
0 0.701563 0.175000 0.037500 0.066667
0 0.709766 0.281250 0.096094 0.156944
0 0.762109 0.410417 0.163281 0.281944
0 0.607422 0.515972 0.199219 0.365278
0 0.583984 0.268750 0.077344 0.134722
0 0.495703 0.275694 0.085156 0.137500
0 0.495703 0.140972 0.022656 0.037500
0 0.496094 0.170833 0.034375 0.052778
0 0.469922 0.201389 0.047656 0.072222
0 0.445703 0.215972 0.049219 0.087500
0 0.397656 0.211806 0.053125 0.095833
0 0.402344 0.265278 0.070312 0.113889
0 0.350781 0.228472 0.064062 0.101389
0 0.335156 0.341667 0.114063 0.191667
0 0.251953 0.213194 0.049219 0.081944
0 0.172656 0.289583 0.078125 0.134722
0 0.131641 0.302778 0.092969 0.144444
0 0.050391 0.300694 0.083594 0.140278
0 0.082031 0.269444 0.065625 0.108333
0 0.026563 0.245139 0.053125 0.095833
0 0.039062 0.446528 0.078125 0.268056
