0 0.957812 0.340972 0.062500 0.104167
0 0.941406 0.377778 0.076563 0.138889
0 0.902734 0.306944 0.057031 0.100000
0 0.874219 0.325694 0.057813 0.095833
0 0.875781 0.294444 0.054688 0.083333
0 0.876562 0.395139 0.081250 0.131944
0 0.981250 0.415972 0.034375 0.140278
0 0.920313 0.501389 0.125000 0.205556
0 0.806250 0.452083 0.104687 0.195833
0 0.782422 0.483333 0.124219 0.213889
0 0.699219 0.438889 0.106250 0.188889
0 0.682813 0.347222 0.075000 0.133333
0 0.782031 0.278472 0.046875 0.084722
0 0.591016 0.314583 0.063281 0.118056
0 0.541406 0.392361 0.095312 0.165278
0 0.501562 0.366667 0.092188 0.161111
0 0.478125 0.301389 0.067188 0.113889
0 0.378125 0.523611 0.167187 0.269444
