0 0.483203 0.769444 0.169531 0.302778
0 0.306250 0.918750 0.234375 0.162500
0 0.034766 0.725694 0.069531 0.215278
0 0.096875 0.540278 0.084375 0.141667
0 0.036328 0.488194 0.067969 0.115278
0 0.098047 0.447222 0.058594 0.100000
0 0.085547 0.469444 0.066406 0.105556
0 0.149609 0.438889 0.058594 0.097222
0 0.185937 0.419444 0.045313 0.094444
0 0.216406 0.365972 0.039062 0.065278
0 0.221094 0.307639 0.020312 0.034722
0 0.424609 0.348611 0.042969 0.072222
0 0.431641 0.518056 0.092969 0.152778
0 0.301953 0.536806 0.089844 0.156944
0 0.202734 0.554167 0.097656 0.161111
0 0.584766 0.319444 0.041406 0.066667
0 0.548828 0.315278 0.038281 0.066667
0 0.562891 0.297222 0.038281 0.063889
0 0.622266 0.220833 0.017969 0.030556
0 0.676953 0.225694 0.027344 0.040278
