0 0.634766 0.244444 0.017969 0.030556
0 0.579687 0.243750 0.017188 0.023611
0 0.541797 0.343056 0.041406 0.066667
0 0.521484 0.315278 0.036719 0.061111
0 0.505859 0.334722 0.036719 0.061111
0 0.382031 0.371528 0.039062 0.070833
0 0.176172 0.331250 0.019531 0.029167
0 0.169531 0.394444 0.039062 0.063889
0 0.133203 0.449306 0.047656 0.087500
0 0.098047 0.479861 0.063281 0.101389
0 0.046875 0.484722 0.054688 0.100000
0 0.030859 0.502778 0.061719 0.113889
0 0.041406 0.591667 0.082813 0.152778
0 0.145313 0.603472 0.095312 0.176389
0 0.245703 0.579861 0.097656 0.165278
0 0.379687 0.566667 0.096875 0.166667
0 0.419531 0.838889 0.176563 0.316667
0 0.979297 0.556250 0.038281 0.206944
