0 0.720312 0.203472 0.021875 0.031944
0 0.662891 0.203472 0.016406 0.031944
0 0.605078 0.271528 0.032031 0.059722
0 0.589063 0.287500 0.037500 0.077778
0 0.629687 0.300694 0.048437 0.070833
0 0.465234 0.325000 0.038281 0.072222
0 0.262109 0.280556 0.021094 0.033333
0 0.259766 0.332639 0.038281 0.065278
0 0.234766 0.380556 0.055469 0.088889
0 0.201953 0.403472 0.061719 0.093056
0 0.149609 0.412500 0.053906 0.100000
0 0.137500 0.422917 0.053125 0.084722
0 0.091016 0.444444 0.061719 0.100000
0 0.148828 0.500000 0.078906 0.141667
0 0.064062 0.672917 0.128125 0.220833
0 0.252344 0.517361 0.090625 0.165278
0 0.350000 0.492361 0.084375 0.156944
0 0.475391 0.492361 0.092969 0.165278
0 0.532031 0.729861 0.167187 0.295833
0 0.364062 0.885417 0.242188 0.229167
