0 0.174609 0.481944 0.192969 0.319444
0 0.763281 0.384722 0.118750 0.200000
0 0.647656 0.361806 0.115625 0.195833
0 0.625000 0.386806 0.126563 0.212500
0 0.539453 0.351389 0.105469 0.205556
0 0.530078 0.260417 0.078906 0.120833
0 0.431250 0.241667 0.067188 0.122222
0 0.375781 0.327083 0.104687 0.181944
0 0.334375 0.303472 0.106250 0.170833
0 0.308984 0.228472 0.074219 0.118056
0 0.948438 0.231944 0.054688 0.086111
0 0.881641 0.294444 0.074219 0.138889
0 0.847656 0.292361 0.081250 0.129167
0 0.778516 0.266667 0.063281 0.105556
0 0.718359 0.288194 0.077344 0.137500
0 0.715234 0.227778 0.060156 0.091667
0 0.744531 0.190278 0.042188 0.061111
0 0.711719 0.197222 0.045313 0.080556
0 0.623438 0.197917 0.046875 0.084722
0 0.792969 0.231944 0.051562 0.086111
