0 0.412500 0.188194 0.017188 0.023611
0 0.415625 0.236111 0.034375 0.055556
0 0.394141 0.266667 0.044531 0.075000
0 0.366016 0.285417 0.055469 0.095833
0 0.314453 0.289583 0.052344 0.095833
0 0.267188 0.306944 0.053125 0.094444
0 0.165234 0.300694 0.047656 0.087500
0 0.084375 0.410417 0.081250 0.137500
0 0.045313 0.431250 0.090625 0.165278
0 0.255859 0.469444 0.113281 0.194444
0 0.324219 0.351389 0.078125 0.130556
0 0.419141 0.373611 0.085156 0.144444
0 0.505859 0.354861 0.083594 0.148611
0 0.630859 0.363194 0.096094 0.156944
0 0.690234 0.532639 0.153906 0.279167
0 0.544531 0.687500 0.210938 0.380556
0 0.616016 0.229167 0.044531 0.088889
0 0.742969 0.205556 0.040625 0.052778
0 0.758984 0.188889 0.036719 0.055556
0 0.782422 0.213194 0.046094 0.073611
0 0.819531 0.140278 0.018750 0.041667
0 0.882812 0.143056 0.023438 0.044444
