0 0.173438 0.663194 0.198437 0.323611
0 0.612891 0.526389 0.119531 0.211111
0 0.526172 0.473611 0.111719 0.188889
0 0.360938 0.438194 0.103125 0.181944
0 0.319141 0.406944 0.102344 0.172222
0 0.287109 0.296528 0.072656 0.112500
0 0.408984 0.304861 0.064844 0.118056
0 0.504297 0.345833 0.075781 0.130556
0 0.632812 0.483333 0.101562 0.186111
0 0.747266 0.531944 0.114844 0.208333
0 0.694531 0.388889 0.076563 0.130556
0 0.818750 0.402083 0.076563 0.129167
0 0.749219 0.372917 0.068750 0.120833
0 0.686328 0.308333 0.053906 0.094444
0 0.596094 0.253472 0.046875 0.081944
0 0.680469 0.254167 0.035937 0.063889
0 0.706250 0.269444 0.040625 0.061111
0 0.762500 0.315972 0.054688 0.093056
0 0.853516 0.394444 0.069531 0.127778
0 0.913672 0.310417 0.047656 0.081944
0 0.982422 0.537500 0.035156 0.169444
