0 0.710547 0.394444 0.136719 0.247222
0 0.557813 0.363194 0.137500 0.220833
0 0.652734 0.329167 0.108594 0.205556
0 0.792188 0.344444 0.115625 0.208333
0 0.911328 0.255556 0.100781 0.166667
0 0.946094 0.182639 0.081250 0.134722
0 0.943359 0.041667 0.047656 0.072222
0 0.808203 0.133333 0.077344 0.108333
0 0.750000 0.056250 0.050000 0.101389
0 0.703125 0.060417 0.060938 0.101389
0 0.668359 0.066667 0.050781 0.097222
0 0.620703 0.148611 0.086719 0.152778
0 0.525391 0.188194 0.083594 0.140278
0 0.522656 0.136111 0.070312 0.133333
0 0.539062 0.033333 0.040625 0.066667
0 0.448438 0.074306 0.062500 0.104167
0 0.385156 0.082639 0.067188 0.109722
0 0.331250 0.033333 0.048437 0.066667
0 0.288672 0.025694 0.032031 0.051389
0 0.219141 0.041667 0.053906 0.083333
0 0.130078 0.167361 0.094531 0.148611
0 0.032031 0.218750 0.064062 0.198611
0 0.232422 0.364583 0.149219 0.248611
0 0.303125 0.197917 0.095312 0.162500
0 0.354297 0.392361 0.150781 0.276389
0 0.721484 0.838194 0.307031 0.323611
