0 0.223828 0.466667 0.186719 0.313889
0 0.348437 0.229861 0.067188 0.118056
0 0.373828 0.302778 0.096094 0.169444
0 0.415625 0.322917 0.103125 0.179167
0 0.469141 0.238194 0.064844 0.112500
0 0.563672 0.266667 0.072656 0.127778
0 0.580078 0.353472 0.105469 0.193056
0 0.665625 0.385417 0.128125 0.206944
0 0.685156 0.360417 0.107813 0.184722
0 0.801953 0.387500 0.122656 0.197222
0 0.981250 0.238889 0.037500 0.083333
0 0.922266 0.300000 0.078906 0.127778
0 0.886328 0.302083 0.083594 0.129167
0 0.829297 0.240278 0.053906 0.086111
0 0.817187 0.276389 0.068750 0.108333
0 0.753906 0.293750 0.079687 0.126389
0 0.775781 0.209722 0.050000 0.066667
0 0.749219 0.204861 0.046875 0.079167
0 0.755469 0.241667 0.057813 0.094444
0 0.660156 0.202083 0.043750 0.076389
