0 0.204297 0.588889 0.177344 0.294444
0 0.400781 0.417361 0.096875 0.168056
0 0.366016 0.388194 0.100781 0.165278
0 0.342969 0.300694 0.068750 0.112500
0 0.461719 0.313194 0.064062 0.115278
0 0.550000 0.347222 0.073437 0.125000
0 0.556641 0.459722 0.105469 0.188889
0 0.633984 0.505556 0.116406 0.205556
0 0.660156 0.472222 0.100000 0.175000
0 0.766797 0.520833 0.117969 0.200000
0 0.654688 0.265972 0.043750 0.079167
0 0.734766 0.395833 0.077344 0.133333
0 0.798047 0.377083 0.069531 0.129167
0 0.860156 0.409028 0.079687 0.131944
0 0.903906 0.408333 0.060938 0.127778
0 0.976953 0.331944 0.046094 0.086111
0 0.739062 0.327083 0.057813 0.101389
0 0.813281 0.325694 0.053125 0.090278
0 0.765625 0.287500 0.054688 0.083333
0 0.741797 0.276389 0.047656 0.075000
