0 0.881250 0.144444 0.026563 0.041667
0 0.823438 0.137500 0.020312 0.027778
0 0.785547 0.214583 0.044531 0.070833
0 0.762109 0.198611 0.038281 0.069444
0 0.746484 0.202778 0.038281 0.066667
0 0.614844 0.226389 0.039062 0.069444
0 0.631641 0.362500 0.094531 0.152778
0 0.687891 0.530556 0.160156 0.272222
0 0.544922 0.692361 0.211719 0.370833
0 0.508203 0.357639 0.078906 0.143056
0 0.422266 0.370833 0.074219 0.141667
0 0.321484 0.353472 0.072656 0.137500
0 0.255078 0.466667 0.110156 0.194444
0 0.082031 0.407639 0.085938 0.148611
0 0.046094 0.428472 0.092188 0.165278
0 0.167578 0.298611 0.052344 0.091667
0 0.267969 0.311111 0.054688 0.094444
0 0.314453 0.295139 0.057031 0.093056
0 0.365234 0.281944 0.053906 0.080556
0 0.393359 0.268750 0.047656 0.079167
0 0.415234 0.240972 0.036719 0.065278
0 0.409375 0.202083 0.025000 0.043056
