0 0.053125 0.405556 0.106250 0.216667
0 0.112500 0.277083 0.073437 0.129167
0 0.226172 0.288889 0.086719 0.133333
0 0.232422 0.390972 0.127344 0.212500
0 0.328516 0.417361 0.138281 0.226389
0 0.351562 0.381250 0.120312 0.198611
0 0.471875 0.401389 0.121875 0.200000
0 0.425781 0.290972 0.081250 0.118056
0 0.331641 0.206944 0.047656 0.086111
0 0.424609 0.228472 0.055469 0.084722
0 0.420312 0.193056 0.040625 0.061111
0 0.448047 0.199306 0.041406 0.068056
0 0.484766 0.268056 0.064844 0.113889
0 0.499609 0.224306 0.055469 0.079167
0 0.546484 0.282639 0.083594 0.131944
0 0.576953 0.273611 0.077344 0.116667
0 0.644141 0.203472 0.052344 0.084722
0 0.737500 0.227778 0.048437 0.102778
0 0.785547 0.218056 0.055469 0.091667
0 0.837109 0.215278 0.047656 0.097222
0 0.868359 0.209028 0.041406 0.081944
0 0.886719 0.177778 0.032812 0.069444
0 0.882031 0.134028 0.023438 0.037500
0 0.800000 0.272917 0.081250 0.123611
0 0.741016 0.349306 0.103906 0.170833
0 0.899219 0.304861 0.090625 0.143056
0 0.976562 0.312500 0.046875 0.150000
0 0.966406 0.597222 0.067188 0.322222
