0 0.967969 0.575000 0.060938 0.216667
0 0.617188 0.256944 0.015625 0.033333
0 0.563281 0.252778 0.015625 0.025000
0 0.525391 0.357639 0.041406 0.073611
0 0.489062 0.344444 0.040625 0.063889
0 0.502734 0.328472 0.036719 0.065278
0 0.356250 0.587500 0.100000 0.169444
0 0.362891 0.380556 0.046094 0.080556
0 0.219141 0.602083 0.096094 0.168056
0 0.116016 0.631250 0.100781 0.170833
0 0.025391 0.609722 0.049219 0.152778
0 0.024219 0.511111 0.048437 0.105556
0 0.072266 0.497917 0.064844 0.112500
0 0.110547 0.466667 0.050781 0.088889
0 0.145703 0.403472 0.039844 0.051389
0 0.153125 0.345833 0.020312 0.041667
0 0.390625 0.858333 0.182812 0.283333
