0 0.287891 0.450694 0.174219 0.298611
0 0.465234 0.322222 0.099219 0.175000
0 0.426172 0.300000 0.092969 0.158333
0 0.395703 0.236806 0.072656 0.123611
0 0.518750 0.244444 0.068750 0.127778
0 0.611719 0.271528 0.073437 0.126389
0 0.626953 0.355556 0.105469 0.197222
0 0.715234 0.395139 0.124219 0.215278
0 0.735547 0.370833 0.117969 0.191667
0 0.854297 0.404167 0.121094 0.202778
0 0.935547 0.318056 0.085156 0.138889
0 0.970312 0.321528 0.059375 0.137500
0 0.807422 0.310417 0.086719 0.140278
0 0.860547 0.295833 0.083594 0.122222
0 0.878516 0.257639 0.060156 0.090278
0 0.707812 0.209722 0.045313 0.075000
0 0.801172 0.253472 0.060156 0.098611
0 0.822266 0.222222 0.044531 0.069444
0 0.794531 0.213194 0.046875 0.073611
