0 0.635938 0.243750 0.020312 0.031944
0 0.580078 0.242361 0.017969 0.029167
0 0.543359 0.343056 0.041406 0.075000
0 0.508203 0.336111 0.038281 0.061111
0 0.520312 0.318750 0.034375 0.059722
0 0.380078 0.372917 0.038281 0.073611
0 0.173828 0.332639 0.021094 0.040278
0 0.167969 0.392361 0.035937 0.068056
0 0.138281 0.447917 0.054688 0.093056
0 0.098438 0.477778 0.059375 0.102778
0 0.040625 0.490972 0.060938 0.112500
0 0.032812 0.504167 0.065625 0.102778
0 0.039844 0.588889 0.079687 0.147222
0 0.142188 0.605556 0.098438 0.172222
0 0.244922 0.578472 0.094531 0.170833
0 0.380078 0.572917 0.092969 0.173611
0 0.423047 0.837500 0.174219 0.313889
0 0.980469 0.553472 0.035937 0.212500
