0 0.425781 0.851389 0.231250 0.297222
0 0.587109 0.681944 0.167969 0.302778
0 0.122266 0.611111 0.133594 0.211111
0 0.526563 0.452778 0.093750 0.161111
0 0.400781 0.450000 0.081250 0.152778
0 0.307031 0.474306 0.087500 0.162500
0 0.208203 0.457639 0.078906 0.137500
0 0.770312 0.184722 0.018750 0.033333
0 0.710156 0.179861 0.020312 0.023611
0 0.679297 0.274306 0.039844 0.084722
0 0.645703 0.246528 0.050781 0.076389
0 0.513281 0.288194 0.039062 0.065278
0 0.310547 0.246528 0.022656 0.037500
0 0.310547 0.300694 0.035156 0.056944
0 0.284766 0.343056 0.052344 0.077778
0 0.257031 0.369444 0.060938 0.097222
0 0.198047 0.377083 0.067969 0.112500
0 0.147656 0.394444 0.062500 0.105556
0 0.042578 0.390972 0.052344 0.084722
