0 0.232812 0.549306 0.165625 0.284722
0 0.431641 0.403472 0.100781 0.168056
0 0.395312 0.376389 0.093750 0.166667
0 0.376563 0.302083 0.070312 0.118056
0 0.583594 0.436111 0.100000 0.177778
0 0.658203 0.484028 0.111719 0.195833
0 0.795313 0.501389 0.115625 0.194444
0 0.691406 0.459722 0.095312 0.191667
0 0.761719 0.387500 0.078125 0.122222
0 0.894141 0.406250 0.082031 0.148611
0 0.830078 0.375694 0.063281 0.112500
0 0.771094 0.315972 0.060938 0.090278
0 0.580469 0.344444 0.075000 0.133333
0 0.489844 0.309722 0.060938 0.116667
0 0.685156 0.270833 0.046875 0.083333
0 0.937891 0.400694 0.067969 0.129167
0 0.850781 0.334028 0.057813 0.104167
0 0.771094 0.279167 0.042188 0.077778
0 0.801953 0.287500 0.041406 0.077778
