0 0.776953 0.252778 0.046094 0.080556
0 0.866016 0.261806 0.044531 0.079167
0 0.896094 0.271528 0.046875 0.084722
0 0.871875 0.305556 0.060938 0.094444
0 0.876172 0.361806 0.082031 0.123611
0 0.939062 0.346528 0.075000 0.126389
0 0.957422 0.317361 0.060156 0.115278
0 0.984375 0.386806 0.031250 0.145833
0 0.919141 0.468056 0.127344 0.200000
0 0.800000 0.432639 0.109375 0.206944
0 0.781641 0.446528 0.122656 0.201389
0 0.693750 0.407639 0.106250 0.190278
0 0.680859 0.320833 0.078906 0.130556
0 0.585547 0.284722 0.069531 0.122222
0 0.537109 0.368750 0.097656 0.179167
0 0.497656 0.340278 0.087500 0.158333
0 0.468750 0.269444 0.067188 0.111111
0 0.373437 0.488194 0.159375 0.276389
