0 0.067578 0.295833 0.099219 0.138889
0 0.069531 0.393750 0.131250 0.212500
0 0.178516 0.419444 0.155469 0.244444
0 0.204297 0.381250 0.132031 0.215278
0 0.335156 0.394444 0.128125 0.219444
0 0.283594 0.173611 0.037500 0.047222
0 0.317578 0.191667 0.050781 0.072222
0 0.291797 0.220833 0.060156 0.075000
0 0.291797 0.285417 0.086719 0.129167
0 0.350781 0.247917 0.070312 0.118056
0 0.369141 0.215278 0.055469 0.091667
0 0.423047 0.268750 0.078906 0.129167
0 0.455078 0.265278 0.071094 0.125000
0 0.514844 0.190972 0.045313 0.073611
0 0.193750 0.205556 0.050000 0.088889
0 0.746094 0.124306 0.018750 0.031944
0 0.751172 0.168750 0.030469 0.068056
0 0.730469 0.195833 0.046875 0.080556
0 0.701563 0.200694 0.048437 0.090278
0 0.653125 0.200000 0.053125 0.091667
0 0.606250 0.202778 0.046875 0.086111
0 0.669141 0.250000 0.074219 0.116667
0 0.617578 0.333333 0.102344 0.172222
0 0.766797 0.271528 0.085156 0.148611
0 0.857422 0.279167 0.086719 0.150000
0 0.975000 0.184722 0.046875 0.086111
0 0.972266 0.304167 0.052344 0.158333
0 0.903125 0.544444 0.190625 0.358333
