0 0.044531 0.229861 0.087500 0.190278
0 0.185156 0.195833 0.085938 0.150000
0 0.287500 0.074306 0.054688 0.095833
0 0.361719 0.067361 0.043750 0.081944
0 0.399609 0.075000 0.050781 0.091667
0 0.442578 0.130556 0.058594 0.094444
0 0.507812 0.128472 0.057813 0.101389
0 0.601172 0.095833 0.047656 0.088889
0 0.729297 0.128472 0.053906 0.093056
0 0.762109 0.117361 0.057031 0.093056
0 0.815625 0.122917 0.048437 0.098611
0 0.778125 0.064583 0.037500 0.056944
0 0.564453 0.236111 0.086719 0.127778
0 0.574219 0.177778 0.067188 0.111111
0 0.670703 0.221528 0.075781 0.140278
0 0.350000 0.226389 0.089062 0.150000
0 0.251172 0.397917 0.150781 0.243056
0 0.362109 0.434722 0.147656 0.247222
0 0.570312 0.415278 0.129688 0.230556
0 0.676172 0.391667 0.110156 0.219444
0 0.722266 0.457639 0.139844 0.243056
0 0.813672 0.406944 0.124219 0.222222
0 0.869141 0.199306 0.072656 0.120833
0 0.951172 0.327778 0.094531 0.180556
0 0.645703 0.863889 0.302344 0.272222
