0 0.941016 0.619444 0.114844 0.241667
0 0.325000 0.892361 0.196875 0.215278
0 0.301953 0.640972 0.103906 0.173611
0 0.159375 0.646528 0.100000 0.176389
0 0.053125 0.688194 0.106250 0.176389
0 0.029297 0.533333 0.058594 0.091667
0 0.053516 0.500694 0.052344 0.084722
0 0.093359 0.440278 0.041406 0.069444
0 0.107031 0.369444 0.018750 0.030556
0 0.314063 0.413194 0.046875 0.065278
0 0.478125 0.383333 0.045313 0.075000
0 0.444141 0.370139 0.041406 0.065278
0 0.458984 0.352083 0.035156 0.059722
0 0.575391 0.277083 0.014844 0.031944
0 0.519922 0.273611 0.019531 0.016667
