0 0.198828 0.773611 0.232031 0.402778
0 0.337891 0.445139 0.116406 0.198611
0 0.279297 0.406250 0.110156 0.195833
0 0.214844 0.286111 0.081250 0.138889
0 0.343750 0.284722 0.070312 0.130556
0 0.457812 0.323611 0.078125 0.138889
0 0.520312 0.470139 0.114063 0.218056
0 0.629687 0.534722 0.134375 0.227778
0 0.759375 0.521528 0.125000 0.201389
0 0.627734 0.489583 0.122656 0.209722
0 0.655078 0.361111 0.077344 0.138889
0 0.700391 0.334722 0.067969 0.116667
0 0.775391 0.372917 0.075781 0.148611
0 0.806250 0.352778 0.065625 0.130556
0 0.826953 0.259028 0.046094 0.079167
0 0.940234 0.313889 0.061719 0.097222
0 0.978906 0.311806 0.042188 0.098611
0 0.618750 0.269444 0.056250 0.091667
0 0.514844 0.213889 0.046875 0.086111
0 0.597266 0.215972 0.039844 0.081944
0 0.626953 0.219444 0.049219 0.061111
0 0.692969 0.273611 0.056250 0.083333
