0 0.135937 0.500694 0.201562 0.326389
0 0.275000 0.238194 0.075000 0.120833
0 0.298828 0.309028 0.092969 0.173611
0 0.344531 0.336806 0.106250 0.187500
0 0.400781 0.244444 0.065625 0.119444
0 0.498437 0.261111 0.079687 0.105556
0 0.514453 0.357639 0.116406 0.195833
0 0.596484 0.387500 0.127344 0.208333
0 0.618750 0.365278 0.114063 0.191667
0 0.686328 0.290278 0.080469 0.125000
0 0.734375 0.395833 0.123438 0.208333
0 0.816797 0.291667 0.086719 0.141667
0 0.848047 0.290972 0.072656 0.126389
0 0.921484 0.230556 0.053906 0.097222
0 0.981250 0.386806 0.037500 0.176389
0 0.746094 0.264583 0.065625 0.109722
0 0.764844 0.240278 0.062500 0.102778
0 0.686719 0.229861 0.053125 0.087500
0 0.708594 0.198611 0.045313 0.077778
0 0.685156 0.198611 0.046875 0.088889
0 0.594141 0.190972 0.047656 0.081944
