0 0.162891 0.534028 0.158594 0.265278
0 0.304688 0.557639 0.164062 0.273611
0 0.509766 0.454167 0.135156 0.230556
0 0.673047 0.483333 0.141406 0.238889
0 0.600391 0.399306 0.125781 0.245833
0 0.733203 0.388889 0.128906 0.213889
0 0.838672 0.159028 0.000781 0.001389
0 0.839844 0.232639 0.100000 0.176389
0 0.856641 0.120833 0.083594 0.141667
0 0.936719 0.117361 0.081250 0.148611
0 0.721484 0.075000 0.072656 0.111111
0 0.540625 0.134722 0.085938 0.161111
0 0.446875 0.199306 0.085938 0.159722
0 0.440234 0.117361 0.074219 0.115278
0 0.351172 0.045833 0.064844 0.091667
0 0.282031 0.059028 0.062500 0.118056
0 0.217578 0.243750 0.102344 0.170833
0 0.040234 0.241667 0.080469 0.188889
0 0.097266 0.035417 0.063281 0.059722
0 0.064453 0.027083 0.058594 0.054167
