0 0.045313 0.225694 0.090625 0.179167
0 0.177734 0.192361 0.091406 0.145833
0 0.248047 0.385417 0.155469 0.248611
0 0.362109 0.419444 0.150781 0.247222
0 0.342187 0.218056 0.092188 0.150000
0 0.277734 0.065972 0.055469 0.093056
0 0.353516 0.060417 0.044531 0.079167
0 0.390234 0.065972 0.050781 0.076389
0 0.432813 0.120833 0.062500 0.102778
0 0.497656 0.111806 0.060938 0.093056
0 0.591406 0.083333 0.054688 0.083333
0 0.560156 0.228472 0.082813 0.129167
0 0.566797 0.173611 0.069531 0.116667
0 0.661719 0.211806 0.081250 0.137500
0 0.568750 0.404167 0.134375 0.225000
0 0.668359 0.368056 0.122656 0.211111
0 0.721875 0.442361 0.139062 0.251389
0 0.812109 0.397917 0.124219 0.209722
0 0.948047 0.321528 0.100781 0.176389
0 0.858984 0.192361 0.072656 0.123611
0 0.717969 0.122222 0.057813 0.091667
0 0.751172 0.113889 0.061719 0.091667
0 0.803516 0.113889 0.050781 0.094444
0 0.768359 0.052083 0.032031 0.045833
0 0.660156 0.859722 0.310937 0.280556
