0 0.177734 0.703472 0.213281 0.348611
0 0.341797 0.434028 0.111719 0.193056
0 0.285547 0.396528 0.089844 0.181944
0 0.246875 0.288889 0.076563 0.127778
0 0.373047 0.289583 0.067969 0.115278
0 0.475781 0.331944 0.073437 0.133333
0 0.518750 0.467361 0.112500 0.195833
0 0.614453 0.524306 0.127344 0.226389
0 0.626172 0.473611 0.102344 0.175000
0 0.746875 0.527083 0.120312 0.209722
0 0.669531 0.371528 0.081250 0.131944
0 0.649219 0.285417 0.056250 0.090278
0 0.552344 0.233333 0.046875 0.083333
0 0.635547 0.235417 0.042969 0.081944
0 0.660937 0.245139 0.040625 0.087500
0 0.719141 0.290278 0.046094 0.100000
0 0.721875 0.342361 0.064062 0.118056
0 0.790625 0.381250 0.081250 0.143056
0 0.825781 0.379861 0.065625 0.129167
0 0.862109 0.283333 0.047656 0.080556
0 0.971875 0.333333 0.056250 0.094444
0 0.977344 0.523611 0.045313 0.186111
