0 0.303516 0.030556 0.049219 0.061111
0 0.341797 0.032639 0.044531 0.065278
0 0.229297 0.040972 0.060156 0.081944
0 0.392969 0.081944 0.060938 0.100000
0 0.454688 0.077083 0.056250 0.101389
0 0.547266 0.041667 0.042969 0.077778
0 0.678516 0.072917 0.057031 0.090278
0 0.709375 0.065972 0.050000 0.087500
0 0.756641 0.060417 0.050781 0.093056
0 0.815625 0.138889 0.070312 0.122222
0 0.917188 0.260417 0.103125 0.173611
0 0.954297 0.190278 0.083594 0.147222
0 0.952734 0.052778 0.042969 0.075000
0 0.792969 0.350694 0.118750 0.218056
0 0.714453 0.393056 0.141406 0.241667
0 0.558984 0.368056 0.132031 0.230556
0 0.660547 0.347222 0.121094 0.233333
0 0.628906 0.161111 0.081250 0.141667
0 0.531641 0.186806 0.091406 0.143056
0 0.533594 0.143056 0.079687 0.125000
0 0.350391 0.394444 0.147656 0.252778
0 0.228516 0.360417 0.133594 0.248611
0 0.310156 0.190278 0.096875 0.163889
0 0.137891 0.166667 0.088281 0.152778
0 0.028906 0.211806 0.057813 0.179167
0 0.715234 0.840278 0.308594 0.319444
