0 0.875000 0.140278 0.020312 0.033333
0 0.814062 0.140278 0.015625 0.030556
0 0.752734 0.198611 0.033594 0.061111
0 0.738672 0.212500 0.036719 0.063889
0 0.774609 0.222917 0.044531 0.068056
0 0.611328 0.230556 0.039844 0.066667
0 0.408594 0.193750 0.020312 0.029167
0 0.408984 0.238889 0.033594 0.052778
0 0.387891 0.275000 0.044531 0.083333
0 0.358203 0.293056 0.058594 0.094444
0 0.309766 0.297917 0.061719 0.095833
0 0.259766 0.313194 0.060156 0.090278
0 0.160156 0.304861 0.051562 0.090278
0 0.073828 0.420833 0.083594 0.144444
0 0.040234 0.440278 0.080469 0.166667
0 0.247656 0.481250 0.112500 0.209722
0 0.316797 0.361806 0.067969 0.120833
0 0.411328 0.375694 0.083594 0.156944
0 0.499609 0.372222 0.080469 0.141667
0 0.626172 0.372917 0.088281 0.154167
0 0.681641 0.552778 0.163281 0.286111
0 0.538672 0.713194 0.210156 0.390278
