0 0.101562 0.277778 0.103125 0.161111
0 0.247656 0.251389 0.087500 0.138889
0 0.263281 0.445833 0.135937 0.238889
0 0.362891 0.488889 0.144531 0.250000
0 0.397266 0.302083 0.089844 0.154167
0 0.376172 0.144444 0.049219 0.091667
0 0.451562 0.135417 0.048437 0.079167
0 0.485547 0.136111 0.052344 0.080556
0 0.514844 0.204861 0.056250 0.104167
0 0.581641 0.198611 0.047656 0.088889
0 0.629297 0.269444 0.077344 0.111111
0 0.611719 0.322917 0.084375 0.134722
0 0.571094 0.483333 0.125000 0.222222
0 0.678516 0.475694 0.114844 0.204167
0 0.717578 0.548611 0.139844 0.261111
0 0.824219 0.511111 0.135937 0.230556
0 0.722656 0.306250 0.079687 0.137500
0 0.741406 0.282639 0.067188 0.109722
0 0.686719 0.168056 0.053125 0.086111
0 0.812891 0.213194 0.052344 0.084722
0 0.850781 0.211111 0.051562 0.091667
0 0.901172 0.216667 0.047656 0.091667
0 0.882422 0.150694 0.033594 0.056944
0 0.919922 0.204167 0.036719 0.080556
0 0.945312 0.293056 0.068750 0.138889
0 0.974609 0.447222 0.050781 0.194444
0 0.490625 0.907639 0.279687 0.184722
