0 0.948828 0.326389 0.086719 0.147222
0 0.865625 0.404861 0.120312 0.198611
0 0.815234 0.312500 0.080469 0.147222
0 0.880469 0.297222 0.073437 0.116667
0 0.892187 0.265972 0.062500 0.101389
0 0.815234 0.252778 0.060156 0.091667
0 0.841016 0.227083 0.047656 0.076389
0 0.807422 0.215972 0.041406 0.070833
0 0.749219 0.368750 0.110937 0.195833
0 0.728516 0.394444 0.122656 0.205556
0 0.642187 0.356250 0.110937 0.187500
0 0.624609 0.276389 0.072656 0.130556
0 0.719922 0.213889 0.050781 0.086111
0 0.530078 0.246528 0.064844 0.123611
0 0.481250 0.323611 0.103125 0.175000
0 0.440625 0.309722 0.092188 0.175000
0 0.411328 0.234028 0.066406 0.120833
0 0.306641 0.450000 0.172656 0.297222
