0 0.984766 0.241667 0.030469 0.091667
0 0.956641 0.293750 0.082031 0.134722
0 0.942578 0.238889 0.066406 0.105556
0 0.895312 0.239583 0.057813 0.093056
0 0.891797 0.382639 0.113281 0.184722
0 0.793750 0.211111 0.043750 0.077778
0 0.728125 0.286111 0.073437 0.133333
0 0.697656 0.291667 0.076563 0.141667
0 0.629687 0.272222 0.070312 0.119444
0 0.642578 0.229167 0.052344 0.088889
0 0.591016 0.198611 0.044531 0.083333
0 0.566797 0.190972 0.041406 0.076389
0 0.570312 0.234028 0.054688 0.095833
0 0.569141 0.302083 0.083594 0.143056
0 0.613281 0.403472 0.114063 0.204167
0 0.503516 0.381250 0.108594 0.190278
0 0.477734 0.414583 0.122656 0.215278
0 0.393359 0.381250 0.116406 0.190278
0 0.379297 0.280556 0.072656 0.133333
0 0.481250 0.203472 0.050000 0.081944
0 0.279687 0.259722 0.071875 0.116667
0 0.213672 0.365278 0.114844 0.188889
0 0.166797 0.347222 0.111719 0.183333
0 0.150000 0.277778 0.081250 0.155556
0 0.053516 0.588889 0.107031 0.344444
