0 0.965625 0.579167 0.065625 0.225000
0 0.517187 0.359028 0.040625 0.068056
0 0.482422 0.352083 0.039844 0.068056
0 0.494531 0.335417 0.035937 0.062500
0 0.557422 0.256944 0.017969 0.030556
0 0.606641 0.259028 0.022656 0.037500
0 0.348828 0.604167 0.099219 0.180556
0 0.379687 0.865278 0.182812 0.269444
0 0.211719 0.608333 0.095312 0.158333
0 0.105859 0.637500 0.097656 0.166667
0 0.023438 0.622917 0.046875 0.159722
0 0.017969 0.505556 0.034375 0.080556
0 0.065234 0.500694 0.061719 0.093056
0 0.101562 0.476389 0.048437 0.086111
0 0.138281 0.411806 0.035937 0.059722
0 0.146875 0.350000 0.020312 0.038889
0 0.353516 0.389583 0.039844 0.065278
