0 0.957812 0.595833 0.081250 0.233333
0 0.598047 0.265278 0.017969 0.038889
0 0.544922 0.262500 0.016406 0.019444
0 0.504297 0.369444 0.039844 0.072222
0 0.484375 0.347917 0.035937 0.068056
0 0.468359 0.357639 0.038281 0.056944
0 0.341406 0.398611 0.042188 0.072222
0 0.132812 0.356944 0.020312 0.033333
0 0.125000 0.420833 0.040625 0.063889
0 0.084766 0.484722 0.053906 0.083333
0 0.046484 0.515972 0.063281 0.106944
0 0.084375 0.655556 0.107813 0.177778
0 0.194922 0.625694 0.099219 0.165278
0 0.332031 0.617361 0.098438 0.173611
0 0.362500 0.877778 0.190625 0.244444
