0 0.917578 0.462500 0.124219 0.194444
0 0.980469 0.377083 0.039062 0.131944
0 0.871875 0.361806 0.084375 0.137500
0 0.933203 0.340972 0.075781 0.115278
0 0.950000 0.306944 0.064062 0.108333
0 0.866016 0.299306 0.060156 0.093056
0 0.892969 0.269444 0.046875 0.086111
0 0.866016 0.261111 0.046094 0.077778
0 0.773438 0.252778 0.051562 0.080556
0 0.780469 0.443056 0.126563 0.205556
0 0.800781 0.423611 0.110937 0.197222
0 0.694141 0.400694 0.103906 0.181944
0 0.679297 0.313194 0.077344 0.129167
0 0.583203 0.279861 0.066406 0.118056
0 0.533984 0.363194 0.097656 0.170833
0 0.496875 0.339583 0.095312 0.165278
0 0.466797 0.268750 0.066406 0.106944
0 0.367969 0.486806 0.164062 0.273611
