0 0.121094 0.514583 0.212500 0.348611
0 0.263672 0.245833 0.074219 0.130556
0 0.291406 0.318056 0.101562 0.186111
0 0.335156 0.344444 0.106250 0.194444
0 0.394141 0.241667 0.066406 0.108333
0 0.493750 0.263889 0.085938 0.127778
0 0.500781 0.358333 0.109375 0.197222
0 0.587500 0.390278 0.123438 0.213889
0 0.607422 0.353472 0.108594 0.179167
0 0.680859 0.287500 0.080469 0.130556
0 0.723047 0.384722 0.121094 0.194444
0 0.738672 0.268750 0.066406 0.106944
0 0.803906 0.291667 0.081250 0.130556
0 0.839844 0.281944 0.078125 0.133333
0 0.905859 0.222222 0.049219 0.094444
0 0.992188 0.256250 0.015625 0.095833
0 0.976562 0.392361 0.046875 0.190278
0 0.750391 0.231250 0.060156 0.095833
0 0.677344 0.225694 0.059375 0.101389
0 0.701953 0.203472 0.042969 0.081944
0 0.669922 0.198611 0.044531 0.080556
0 0.586719 0.196528 0.048437 0.084722
