0 0.242969 0.547222 0.173438 0.286111
0 0.435547 0.403472 0.097656 0.176389
0 0.590234 0.440972 0.103906 0.187500
0 0.671875 0.486111 0.120312 0.205556
0 0.805469 0.508333 0.114063 0.216667
0 0.699219 0.453472 0.092188 0.162500
0 0.772656 0.404167 0.089062 0.155556
0 0.901563 0.411111 0.078125 0.138889
0 0.945703 0.404861 0.069531 0.140278
0 0.838672 0.376389 0.075781 0.122222
0 0.780469 0.322222 0.054688 0.091667
0 0.862109 0.327083 0.060156 0.112500
0 0.808984 0.299306 0.039844 0.095833
0 0.786719 0.284028 0.046875 0.068056
0 0.692969 0.272917 0.050000 0.079167
0 0.588672 0.336806 0.074219 0.118056
0 0.497656 0.308333 0.064062 0.116667
0 0.393750 0.370139 0.085938 0.165278
0 0.383594 0.303472 0.075000 0.126389
