0 0.784375 0.281944 0.046875 0.080556
0 0.876172 0.281250 0.041406 0.079167
0 0.905859 0.289583 0.046094 0.079167
0 0.881250 0.315972 0.059375 0.076389
0 0.882422 0.387500 0.088281 0.133333
0 0.946484 0.379861 0.075781 0.123611
0 0.965625 0.335417 0.065625 0.093056
0 0.986328 0.413194 0.024219 0.112500
0 0.926172 0.502778 0.125781 0.202778
0 0.811719 0.447222 0.106250 0.180556
0 0.791406 0.477083 0.123438 0.209722
0 0.707422 0.426389 0.114844 0.186111
0 0.693359 0.335417 0.086719 0.118056
0 0.597656 0.307639 0.067188 0.115278
0 0.549219 0.386806 0.098438 0.173611
0 0.511328 0.365972 0.097656 0.168056
0 0.483594 0.284722 0.070312 0.097222
0 0.387891 0.519444 0.158594 0.286111
