0 0.881641 0.277778 0.046094 0.080556
0 0.912891 0.286806 0.046094 0.079167
0 0.888281 0.319444 0.067188 0.108333
0 0.966406 0.325694 0.059375 0.109722
0 0.950781 0.361806 0.067188 0.120833
0 0.885156 0.375694 0.079687 0.134722
0 0.932031 0.482639 0.120312 0.198611
0 0.786719 0.265972 0.042188 0.081944
0 0.795313 0.459722 0.121875 0.211111
0 0.821094 0.427083 0.100000 0.165278
0 0.708594 0.417361 0.106250 0.181944
0 0.694141 0.329861 0.080469 0.118056
0 0.596484 0.293750 0.064844 0.115278
0 0.550391 0.375000 0.096094 0.172222
0 0.510547 0.349306 0.086719 0.162500
0 0.483984 0.284722 0.064844 0.113889
0 0.392188 0.504167 0.156250 0.277778
