0 0.878125 0.273611 0.046875 0.077778
0 0.909375 0.279861 0.046875 0.076389
0 0.883594 0.315278 0.057813 0.091667
0 0.876953 0.374306 0.069531 0.126389
0 0.943750 0.357639 0.078125 0.118056
0 0.964453 0.323611 0.061719 0.105556
0 0.986328 0.395833 0.024219 0.138889
0 0.930859 0.480556 0.125781 0.208333
0 0.794141 0.457639 0.116406 0.195833
0 0.816406 0.426389 0.110937 0.172222
0 0.787500 0.271528 0.053125 0.093056
0 0.708203 0.420833 0.110156 0.188889
0 0.693750 0.325694 0.076563 0.134722
0 0.596484 0.290972 0.069531 0.118056
0 0.546875 0.379861 0.095312 0.184722
0 0.508203 0.347917 0.083594 0.159722
0 0.481250 0.280556 0.064062 0.111111
0 0.387891 0.495833 0.160156 0.272222
