0 0.350781 0.469444 0.164062 0.300000
0 0.517187 0.343750 0.098438 0.173611
0 0.482422 0.321528 0.100781 0.159722
0 0.450000 0.251389 0.067188 0.113889
0 0.567578 0.268750 0.067969 0.120833
0 0.662891 0.290972 0.075781 0.120833
0 0.680078 0.382639 0.113281 0.193056
0 0.763281 0.422917 0.125000 0.215278
0 0.786719 0.402083 0.104687 0.198611
0 0.901172 0.440278 0.122656 0.194444
0 0.854297 0.336111 0.080469 0.136111
0 0.920313 0.332639 0.075000 0.134722
0 0.973828 0.358333 0.052344 0.141667
0 0.935547 0.293750 0.064844 0.104167
0 0.851172 0.276389 0.057031 0.088889
0 0.877734 0.250694 0.047656 0.070833
0 0.845703 0.240972 0.047656 0.068056
0 0.758203 0.236111 0.047656 0.080556
