0 0.701953 0.214583 0.022656 0.037500
0 0.646484 0.206250 0.016406 0.020833
0 0.611328 0.304167 0.046094 0.072222
0 0.586719 0.277083 0.035937 0.054167
0 0.572266 0.299306 0.038281 0.068056
0 0.448047 0.331250 0.042969 0.068056
0 0.458203 0.510417 0.094531 0.170833
0 0.510938 0.747222 0.160938 0.288889
0 0.339063 0.900000 0.245312 0.200000
0 0.057422 0.702778 0.114844 0.225000
0 0.130859 0.518750 0.080469 0.145833
0 0.068750 0.467361 0.064062 0.109722
0 0.121875 0.436111 0.057813 0.083333
0 0.129688 0.421528 0.059375 0.081944
0 0.329688 0.509028 0.089062 0.156944
0 0.232422 0.533333 0.092969 0.161111
0 0.178516 0.415278 0.057031 0.086111
0 0.208984 0.397222 0.049219 0.080556
0 0.241406 0.351389 0.034375 0.066667
0 0.244922 0.288889 0.017969 0.030556
