0 0.930078 0.558333 0.136719 0.358333
0 0.916406 0.292361 0.093750 0.134722
0 0.819141 0.283333 0.083594 0.133333
0 0.664844 0.341667 0.107813 0.180556
0 0.395703 0.397222 0.121094 0.213889
0 0.271875 0.379861 0.115625 0.209722
0 0.243359 0.415278 0.144531 0.244444
0 0.137891 0.399306 0.121094 0.231944
0 0.131641 0.300694 0.092969 0.165278
0 0.028516 0.286806 0.057031 0.140278
0 0.802734 0.131250 0.025781 0.045833
0 0.803516 0.168750 0.035156 0.059722
0 0.785937 0.198611 0.043750 0.077778
0 0.757422 0.206250 0.050781 0.095833
0 0.721875 0.257639 0.073437 0.120833
0 0.705859 0.199306 0.057031 0.081944
0 0.662891 0.211806 0.057031 0.093056
0 0.569922 0.189583 0.042969 0.076389
0 0.513281 0.263889 0.064062 0.125000
0 0.475000 0.276389 0.075000 0.136111
0 0.408984 0.263889 0.077344 0.119444
0 0.346094 0.299306 0.081250 0.148611
0 0.351562 0.221528 0.064062 0.084722
0 0.346875 0.181250 0.034375 0.043056
0 0.374609 0.178472 0.035156 0.037500
0 0.426953 0.213889 0.049219 0.080556
0 0.251953 0.204167 0.049219 0.091667
