0 0.747266 0.230556 0.050781 0.086111
0 0.755469 0.409028 0.128125 0.206944
0 0.778125 0.386111 0.110937 0.186111
0 0.895703 0.429167 0.117969 0.205556
0 0.968750 0.347917 0.062500 0.148611
0 0.842969 0.332639 0.085938 0.137500
0 0.911328 0.318056 0.078906 0.127778
0 0.920703 0.279861 0.060156 0.101389
0 0.862891 0.243056 0.049219 0.077778
0 0.839453 0.233333 0.046094 0.072222
0 0.844922 0.268056 0.067969 0.091667
0 0.654297 0.281944 0.075781 0.116667
0 0.672266 0.370139 0.111719 0.190278
0 0.557422 0.260417 0.060156 0.118056
0 0.509375 0.334028 0.096875 0.173611
0 0.472656 0.313889 0.093750 0.166667
0 0.444141 0.246528 0.072656 0.120833
0 0.338672 0.459722 0.166406 0.283333
