0 0.896094 0.286806 0.085938 0.140278
0 0.922656 0.548611 0.151562 0.350000
0 0.803516 0.279167 0.086719 0.150000
0 0.782812 0.120833 0.020312 0.030556
0 0.787891 0.163194 0.033594 0.056944
0 0.769531 0.197222 0.042188 0.075000
0 0.736719 0.204861 0.053125 0.081944
0 0.702344 0.254167 0.075000 0.113889
0 0.692578 0.200000 0.063281 0.083333
0 0.643750 0.209722 0.057813 0.080556
0 0.650391 0.338889 0.103906 0.166667
0 0.551172 0.186806 0.047656 0.076389
0 0.491797 0.267361 0.071094 0.120833
0 0.459375 0.276389 0.079687 0.136111
0 0.405078 0.225000 0.053906 0.100000
0 0.392188 0.263194 0.070312 0.118056
0 0.379687 0.397917 0.131250 0.229167
0 0.332031 0.293056 0.081250 0.133333
0 0.333594 0.220139 0.062500 0.081944
0 0.325391 0.179167 0.039844 0.058333
0 0.358203 0.183333 0.036719 0.050000
0 0.232422 0.205556 0.053906 0.091667
0 0.248828 0.385417 0.119531 0.215278
0 0.221875 0.415278 0.146875 0.222222
0 0.121094 0.393750 0.135937 0.218056
0 0.114063 0.297917 0.092188 0.145833
