0 0.247266 0.451389 0.188281 0.308333
0 0.364062 0.229167 0.067188 0.116667
0 0.391016 0.297222 0.089844 0.169444
0 0.432031 0.325694 0.098438 0.187500
0 0.484766 0.241667 0.063281 0.122222
0 0.582422 0.262500 0.078906 0.116667
0 0.596484 0.347917 0.107031 0.187500
0 0.685547 0.389583 0.125781 0.220833
0 0.705859 0.360417 0.111719 0.195833
0 0.822266 0.394444 0.114844 0.205556
0 0.772266 0.307639 0.085156 0.140278
0 0.833594 0.278472 0.068750 0.115278
0 0.905078 0.315278 0.085156 0.155556
0 0.940234 0.299306 0.078906 0.134722
0 0.848828 0.245833 0.055469 0.086111
0 0.767578 0.236806 0.060156 0.093056
0 0.791406 0.211806 0.045313 0.073611
0 0.762500 0.200000 0.035937 0.063889
0 0.678906 0.207639 0.046875 0.073611
