0 0.107422 0.188194 0.117969 0.179167
0 0.283594 0.201389 0.098438 0.152778
0 0.210547 0.422222 0.136719 0.266667
0 0.342578 0.436111 0.150781 0.308333
0 0.550000 0.400000 0.118750 0.227778
0 0.631250 0.347222 0.118750 0.244444
0 0.705469 0.415972 0.132812 0.259722
0 0.781250 0.362500 0.120312 0.258333
0 0.892187 0.277083 0.098438 0.184722
0 0.510156 0.203472 0.093750 0.156944
0 0.603125 0.142361 0.087500 0.154167
0 0.778906 0.126389 0.068750 0.138889
0 0.922266 0.157639 0.085156 0.134722
0 0.355859 0.082639 0.052344 0.095833
0 0.416016 0.066667 0.063281 0.119444
0 0.692969 0.284722 0.057813 0.111111
0 0.644141 0.053472 0.077344 0.093056
0 0.724219 0.043750 0.064062 0.079167
