0 0.073437 0.208333 0.103125 0.166667
0 0.257031 0.227083 0.087500 0.181944
0 0.201172 0.459028 0.150781 0.276389
0 0.335938 0.467361 0.168750 0.276389
0 0.531250 0.426389 0.129688 0.255556
0 0.629297 0.378472 0.125781 0.218056
0 0.698047 0.444444 0.136719 0.236111
0 0.763281 0.368056 0.145313 0.236111
0 0.871875 0.253472 0.106250 0.179167
0 0.898828 0.152083 0.085156 0.140278
0 0.964844 0.138194 0.070312 0.173611
0 0.481250 0.206250 0.098438 0.129167
0 0.585938 0.155556 0.075000 0.133333
0 0.768359 0.106250 0.060156 0.129167
0 0.624219 0.041667 0.064062 0.080556
0 0.482812 0.120833 0.082813 0.105556
0 0.328906 0.071528 0.073437 0.101389
0 0.393750 0.062500 0.071875 0.108333
0 0.698047 0.034028 0.052344 0.062500
