0 0.085938 0.194444 0.103125 0.186111
0 0.271484 0.215278 0.119531 0.169444
0 0.211328 0.434028 0.135156 0.262500
0 0.333984 0.462500 0.166406 0.316667
0 0.533594 0.400694 0.142188 0.237500
0 0.637109 0.380556 0.139844 0.241667
0 0.703125 0.440972 0.125000 0.284722
0 0.765625 0.366667 0.157813 0.275000
0 0.877344 0.252778 0.120312 0.158333
0 0.905078 0.152778 0.099219 0.158333
0 0.964453 0.146528 0.071094 0.176389
0 0.768750 0.108333 0.085938 0.122222
0 0.589453 0.152778 0.088281 0.163889
0 0.486719 0.204861 0.100000 0.165278
0 0.487500 0.126389 0.098438 0.163889
0 0.335156 0.078472 0.092188 0.129167
0 0.401172 0.064583 0.064844 0.115278
0 0.623828 0.047222 0.060156 0.086111
0 0.701563 0.042361 0.065625 0.081944
