0 0.091406 0.202778 0.126563 0.194444
0 0.276563 0.225694 0.129688 0.173611
0 0.212109 0.440278 0.163281 0.308333
0 0.341016 0.463889 0.155469 0.280556
0 0.542578 0.415972 0.139844 0.268056
0 0.642969 0.379167 0.148438 0.255556
0 0.704297 0.445139 0.141406 0.284722
0 0.776563 0.368056 0.125000 0.269444
0 0.886328 0.273611 0.128906 0.211111
0 0.913281 0.170833 0.101562 0.155556
0 0.969141 0.161806 0.061719 0.179167
0 0.777344 0.124306 0.090625 0.156944
0 0.597266 0.148611 0.082031 0.166667
0 0.499609 0.187500 0.113281 0.144444
0 0.492578 0.129861 0.099219 0.156944
0 0.344141 0.084722 0.092969 0.133333
0 0.408203 0.071528 0.088281 0.129167
0 0.176563 0.044444 0.065625 0.086111
0 0.627734 0.050694 0.058594 0.095833
0 0.712109 0.034028 0.046094 0.065278
