0 0.084766 0.195139 0.124219 0.162500
0 0.270703 0.218056 0.105469 0.152778
0 0.201953 0.447222 0.146094 0.283333
0 0.332031 0.459722 0.167187 0.288889
0 0.535937 0.409722 0.107813 0.252778
0 0.632422 0.360417 0.110156 0.209722
0 0.697266 0.421528 0.119531 0.301389
0 0.773438 0.356944 0.118750 0.205556
0 0.859766 0.253472 0.114844 0.179167
0 0.908594 0.170833 0.100000 0.183333
0 0.975000 0.161806 0.050000 0.179167
0 0.770312 0.126389 0.093750 0.150000
0 0.597656 0.152083 0.098438 0.173611
0 0.508594 0.185417 0.095312 0.154167
0 0.343359 0.074306 0.082031 0.129167
0 0.407031 0.066667 0.082813 0.133333
0 0.483203 0.111111 0.077344 0.108333
0 0.631250 0.056250 0.064062 0.098611
0 0.710938 0.039583 0.067188 0.073611
