0 0.051562 0.230556 0.103125 0.197222
0 0.242188 0.239583 0.114063 0.195833
0 0.181250 0.500694 0.167187 0.290278
0 0.313672 0.528472 0.164844 0.290278
0 0.519141 0.456250 0.147656 0.254167
0 0.616016 0.393750 0.113281 0.245833
0 0.691016 0.461806 0.141406 0.284722
0 0.756250 0.376389 0.132812 0.255556
0 0.860547 0.260417 0.105469 0.193056
0 0.874609 0.137500 0.096094 0.163889
0 0.949219 0.131250 0.096875 0.184722
0 0.744141 0.102083 0.091406 0.137500
0 0.569531 0.164583 0.090625 0.140278
0 0.471094 0.201389 0.112500 0.158333
0 0.311719 0.067361 0.081250 0.115278
0 0.378906 0.057639 0.073437 0.101389
0 0.466797 0.122222 0.089844 0.144444
