0 0.044531 0.233333 0.089062 0.180556
0 0.221875 0.238889 0.139062 0.202778
0 0.167969 0.524306 0.162500 0.279167
0 0.301953 0.545833 0.178906 0.300000
0 0.508984 0.452778 0.167969 0.275000
0 0.605859 0.404167 0.125781 0.252778
0 0.680078 0.476389 0.147656 0.277778
0 0.735156 0.383333 0.151562 0.236111
0 0.845703 0.244444 0.111719 0.172222
0 0.865625 0.131944 0.103125 0.158333
0 0.935156 0.131944 0.107813 0.175000
0 0.733203 0.093056 0.105469 0.150000
0 0.557031 0.148611 0.095312 0.172222
0 0.461328 0.199306 0.100781 0.134722
0 0.452344 0.118750 0.098438 0.131944
0 0.294141 0.067361 0.077344 0.126389
0 0.363281 0.054167 0.084375 0.108333
