0 0.052344 0.231250 0.104687 0.198611
0 0.227344 0.235417 0.121875 0.204167
0 0.176953 0.504861 0.160156 0.295833
0 0.312109 0.536111 0.163281 0.283333
0 0.521484 0.454167 0.163281 0.238889
0 0.617188 0.406944 0.140625 0.247222
0 0.687109 0.473611 0.163281 0.263889
0 0.744531 0.375694 0.132812 0.240278
0 0.852734 0.256944 0.119531 0.197222
0 0.876953 0.130556 0.083594 0.155556
0 0.944531 0.134028 0.090625 0.198611
0 0.736328 0.095833 0.082031 0.133333
0 0.564453 0.150000 0.105469 0.163889
0 0.466406 0.204167 0.115625 0.163889
0 0.459375 0.124306 0.100000 0.134722
0 0.306250 0.068056 0.085938 0.108333
0 0.368359 0.056250 0.075781 0.104167
