0 0.040234 0.245833 0.080469 0.183333
0 0.207422 0.262500 0.127344 0.188889
0 0.151172 0.539583 0.160156 0.256944
0 0.291016 0.565972 0.182031 0.312500
0 0.516016 0.470139 0.141406 0.234722
0 0.599609 0.416667 0.127344 0.266667
0 0.670703 0.488194 0.142969 0.273611
0 0.734766 0.400694 0.153906 0.234722
0 0.832812 0.244444 0.106250 0.172222
0 0.856250 0.125694 0.085938 0.159722
0 0.927344 0.124306 0.104687 0.179167
0 0.719141 0.078472 0.082031 0.129167
0 0.541797 0.140972 0.091406 0.156944
0 0.445312 0.204167 0.115625 0.166667
0 0.440234 0.127083 0.092969 0.151389
0 0.275000 0.065972 0.082813 0.106944
0 0.348437 0.051389 0.082813 0.097222
