0 0.041797 0.246528 0.083594 0.206944
0 0.218750 0.247917 0.107813 0.198611
0 0.160547 0.539583 0.163281 0.276389
0 0.296875 0.553472 0.168750 0.287500
0 0.516016 0.471528 0.164844 0.273611
0 0.600000 0.410417 0.135937 0.245833
0 0.677734 0.475694 0.158594 0.270833
0 0.738281 0.388889 0.145313 0.238889
0 0.841016 0.247222 0.133594 0.200000
0 0.858984 0.130556 0.103906 0.155556
0 0.933984 0.120139 0.114844 0.170833
0 0.721094 0.080556 0.093750 0.133333
0 0.552344 0.150000 0.118750 0.169444
0 0.451562 0.205556 0.085938 0.138889
0 0.439063 0.129861 0.103125 0.154167
0 0.286328 0.069444 0.088281 0.136111
0 0.345703 0.039583 0.067969 0.079167
