0 0.042969 0.252083 0.085938 0.212500
0 0.218750 0.252083 0.125000 0.190278
0 0.282031 0.069444 0.076563 0.122222
0 0.160938 0.548611 0.176563 0.297222
0 0.293359 0.565972 0.186719 0.290278
0 0.512109 0.470833 0.139844 0.255556
0 0.596484 0.404167 0.133594 0.211111
0 0.672656 0.486111 0.151562 0.280556
0 0.739844 0.390278 0.150000 0.247222
0 0.843750 0.254167 0.132812 0.225000
0 0.853906 0.129167 0.106250 0.141667
0 0.453516 0.206944 0.105469 0.169444
0 0.351562 0.054167 0.078125 0.102778
0 0.439063 0.134722 0.096875 0.152778
0 0.548828 0.140972 0.094531 0.181944
0 0.724219 0.087500 0.090625 0.133333
0 0.937500 0.118750 0.095312 0.145833
