0 0.025000 0.265972 0.050000 0.181944
0 0.192188 0.271528 0.123438 0.173611
0 0.142969 0.575000 0.157813 0.272222
0 0.280859 0.595139 0.166406 0.312500
0 0.492578 0.496528 0.142969 0.270833
0 0.586719 0.421528 0.129688 0.234722
0 0.656641 0.498611 0.144531 0.241667
0 0.726562 0.396528 0.132812 0.226389
0 0.824609 0.237500 0.110156 0.200000
0 0.840234 0.105556 0.085156 0.127778
0 0.916016 0.102083 0.083594 0.154167
0 0.701953 0.052778 0.064844 0.105556
0 0.527734 0.139583 0.092969 0.165278
0 0.435156 0.215972 0.096875 0.154167
0 0.428906 0.129861 0.106250 0.143056
0 0.267188 0.061806 0.089062 0.115278
0 0.334375 0.047917 0.081250 0.095833
