0 0.183984 0.262500 0.124219 0.175000
0 0.124219 0.590278 0.175000 0.297222
0 0.271484 0.622222 0.171094 0.338889
0 0.482812 0.496528 0.142188 0.259722
0 0.571875 0.410417 0.137500 0.256944
0 0.647656 0.505556 0.139062 0.261111
0 0.705078 0.391667 0.144531 0.244444
0 0.809375 0.218056 0.123438 0.175000
0 0.824609 0.086111 0.105469 0.133333
0 0.907031 0.083333 0.096875 0.130556
0 0.516016 0.117361 0.105469 0.165278
0 0.419531 0.195833 0.101562 0.152778
0 0.410547 0.107639 0.116406 0.145833
0 0.692187 0.063194 0.078125 0.112500
0 0.251172 0.059028 0.085156 0.104167
