0 0.173438 0.270833 0.134375 0.180556
0 0.108984 0.609028 0.189844 0.298611
0 0.262109 0.618056 0.177344 0.313889
0 0.474219 0.493750 0.153125 0.273611
0 0.567578 0.420833 0.146094 0.258333
0 0.649219 0.513194 0.150000 0.287500
0 0.709375 0.406944 0.143750 0.252778
0 0.807813 0.222917 0.132812 0.181944
0 0.826563 0.081250 0.093750 0.143056
0 0.905469 0.087500 0.100000 0.150000
0 0.508984 0.131250 0.103906 0.173611
0 0.404297 0.118750 0.100781 0.126389
0 0.410156 0.212500 0.123438 0.163889
0 0.241406 0.055556 0.076563 0.105556
