0 0.155078 0.273611 0.108594 0.188889
0 0.098047 0.633333 0.175781 0.294444
0 0.253906 0.646528 0.195312 0.323611
0 0.466797 0.507639 0.160156 0.265278
0 0.565625 0.431944 0.132812 0.216667
0 0.642187 0.497917 0.145313 0.290278
0 0.705078 0.395139 0.121094 0.234722
0 0.798047 0.217361 0.111719 0.190278
0 0.397656 0.204167 0.109375 0.169444
0 0.390625 0.106944 0.098438 0.147222
0 0.493750 0.112500 0.092188 0.166667
0 0.224609 0.050694 0.072656 0.098611
0 0.673828 0.045139 0.072656 0.087500
0 0.810156 0.073611 0.090625 0.138889
0 0.887500 0.068750 0.098438 0.129167
