0 0.161328 0.270139 0.107031 0.193056
0 0.106641 0.622917 0.169531 0.270833
0 0.258594 0.636111 0.171875 0.322222
0 0.472656 0.511806 0.150000 0.290278
0 0.567187 0.431944 0.125000 0.258333
0 0.646875 0.524306 0.151562 0.281944
0 0.694531 0.399306 0.148438 0.284722
0 0.806250 0.214583 0.135937 0.195833
0 0.824219 0.075000 0.087500 0.144444
0 0.894141 0.063889 0.086719 0.127778
0 0.506250 0.115278 0.096875 0.169444
0 0.416797 0.206250 0.124219 0.170833
0 0.389453 0.114583 0.110156 0.159722
0 0.237891 0.056250 0.086719 0.106944
0 0.684375 0.054167 0.079687 0.102778
