0 0.155469 0.279167 0.115625 0.169444
0 0.107031 0.640278 0.176563 0.297222
0 0.243750 0.637500 0.165625 0.311111
0 0.476172 0.513889 0.160156 0.280556
0 0.560547 0.446528 0.127344 0.284722
0 0.628906 0.518056 0.148438 0.277778
0 0.702734 0.418750 0.157031 0.287500
0 0.398047 0.213194 0.111719 0.181944
0 0.389453 0.111806 0.094531 0.176389
0 0.496875 0.127778 0.092188 0.188889
0 0.219922 0.057639 0.088281 0.112500
0 0.677344 0.052083 0.093750 0.095833
0 0.794141 0.213194 0.116406 0.198611
0 0.814062 0.076389 0.092188 0.111111
0 0.895312 0.069444 0.089062 0.136111
