0 0.899609 0.640972 0.141406 0.226389
0 0.262500 0.922917 0.203125 0.154167
0 0.244531 0.680556 0.106250 0.191667
0 0.096875 0.690972 0.110937 0.195833
0 0.020312 0.730556 0.040625 0.211111
0 0.012891 0.536111 0.025781 0.108333
0 0.038281 0.470139 0.045313 0.076389
0 0.055469 0.398611 0.028125 0.047222
0 0.262109 0.440278 0.046094 0.069444
0 0.396875 0.397917 0.034375 0.079167
0 0.430078 0.410417 0.038281 0.076389
0 0.412891 0.379861 0.030469 0.073611
0 0.476562 0.290278 0.021875 0.027778
0 0.526172 0.304167 0.024219 0.041667
