0 0.914453 0.650000 0.150781 0.241667
0 0.275391 0.926389 0.214844 0.147222
0 0.257031 0.675694 0.112500 0.170833
0 0.112500 0.688194 0.109375 0.187500
0 0.026563 0.722917 0.053125 0.195833
0 0.018750 0.534722 0.037500 0.100000
0 0.052734 0.464583 0.049219 0.073611
0 0.065625 0.391667 0.028125 0.038889
0 0.276953 0.438194 0.046094 0.084722
0 0.412109 0.396528 0.036719 0.059722
0 0.445312 0.400000 0.034375 0.083333
0 0.427344 0.376389 0.040625 0.050000
0 0.485156 0.280556 0.023438 0.047222
0 0.543750 0.291667 0.020312 0.044444
