0 0.919531 0.628472 0.140625 0.243056
0 0.280078 0.909722 0.232031 0.180556
0 0.263672 0.674306 0.113281 0.204167
0 0.121094 0.680556 0.110937 0.161111
0 0.029297 0.715972 0.058594 0.198611
0 0.023047 0.524306 0.046094 0.084722
0 0.055469 0.463194 0.048437 0.065278
0 0.073437 0.387500 0.023438 0.027778
0 0.283594 0.434722 0.051562 0.069444
0 0.411719 0.385417 0.037500 0.076389
0 0.431641 0.368056 0.038281 0.075000
0 0.447266 0.401389 0.044531 0.086111
0 0.493359 0.283333 0.024219 0.033333
0 0.545703 0.295833 0.021094 0.050000
