0 0.932422 0.617361 0.135156 0.251389
0 0.317578 0.901389 0.208594 0.197222
0 0.287500 0.655556 0.100000 0.158333
0 0.148828 0.666667 0.113281 0.169444
0 0.043359 0.705556 0.086719 0.202778
0 0.017188 0.550694 0.034375 0.115278
0 0.035547 0.506250 0.057031 0.095833
0 0.080078 0.440972 0.049219 0.068056
0 0.092578 0.382639 0.024219 0.043056
0 0.305469 0.424306 0.048437 0.062500
0 0.433984 0.379861 0.033594 0.073611
0 0.464453 0.388194 0.050781 0.070833
0 0.450781 0.339583 0.037500 0.048611
0 0.516797 0.282639 0.021094 0.051389
0 0.561328 0.286111 0.027344 0.047222
