0 0.948828 0.627778 0.102344 0.286111
0 0.338281 0.891667 0.196875 0.216667
0 0.313281 0.628472 0.104687 0.168056
0 0.173828 0.655556 0.102344 0.169444
0 0.057813 0.687500 0.114063 0.186111
0 0.028906 0.530556 0.057813 0.113889
0 0.065234 0.491667 0.060156 0.116667
0 0.106641 0.444444 0.049219 0.086111
0 0.114453 0.363194 0.032031 0.040278
0 0.319922 0.407639 0.035156 0.070833
0 0.451172 0.370139 0.038281 0.068056
0 0.466797 0.343750 0.028906 0.068056
0 0.487891 0.376389 0.041406 0.080556
0 0.525391 0.275000 0.022656 0.047222
0 0.581250 0.272222 0.028125 0.052778
