0 0.946484 0.606944 0.107031 0.261111
0 0.345313 0.879167 0.204688 0.241667
0 0.321484 0.622222 0.107031 0.177778
0 0.174609 0.640972 0.111719 0.162500
0 0.064844 0.677083 0.107813 0.184722
0 0.034766 0.521528 0.069531 0.112500
0 0.073047 0.487500 0.072656 0.108333
0 0.103516 0.428472 0.042969 0.090278
0 0.121094 0.369444 0.028125 0.052778
0 0.325391 0.405556 0.039844 0.088889
0 0.453516 0.364583 0.050781 0.090278
0 0.473047 0.339583 0.042969 0.081944
0 0.486328 0.372917 0.046094 0.087500
0 0.530859 0.267361 0.033594 0.031944
0 0.589063 0.281944 0.028125 0.055556
