0 0.955078 0.598611 0.089844 0.269444
0 0.359375 0.863889 0.185937 0.272222
0 0.330859 0.613889 0.119531 0.177778
0 0.194531 0.620139 0.114063 0.190278
0 0.085156 0.663194 0.103125 0.193056
0 0.047266 0.508333 0.066406 0.127778
0 0.090625 0.472917 0.050000 0.115278
0 0.122266 0.410417 0.042969 0.065278
0 0.129297 0.356250 0.025781 0.043056
0 0.338672 0.405556 0.053906 0.086111
0 0.470703 0.357639 0.033594 0.076389
0 0.506250 0.366667 0.045313 0.080556
0 0.480078 0.335417 0.027344 0.054167
0 0.539062 0.265278 0.023438 0.033333
0 0.593750 0.268056 0.029687 0.047222
