0 0.964063 0.606944 0.071875 0.297222
0 0.375000 0.861806 0.200000 0.276389
0 0.339844 0.612500 0.114063 0.191667
0 0.203516 0.614583 0.107031 0.193056
0 0.095703 0.645833 0.108594 0.183333
0 0.017188 0.626389 0.034375 0.163889
0 0.013672 0.506250 0.027344 0.123611
0 0.055859 0.520833 0.055469 0.152778
0 0.107031 0.487500 0.037500 0.102778
0 0.133984 0.415972 0.047656 0.065278
0 0.139453 0.349306 0.014844 0.059722
0 0.344922 0.400000 0.030469 0.072222
0 0.474219 0.353472 0.034375 0.065278
0 0.488281 0.328472 0.042188 0.070833
0 0.516016 0.372917 0.046094 0.073611
0 0.548047 0.253472 0.022656 0.043056
0 0.604297 0.264583 0.016406 0.048611
