0 0.967188 0.589583 0.065625 0.301389
0 0.392188 0.843750 0.182812 0.295833
0 0.363281 0.577778 0.121875 0.205556
0 0.221875 0.600000 0.103125 0.225000
0 0.119141 0.638889 0.102344 0.200000
0 0.027344 0.608333 0.054688 0.150000
0 0.024219 0.491667 0.048437 0.127778
0 0.076563 0.488889 0.054688 0.133333
0 0.121875 0.470833 0.056250 0.097222
0 0.142578 0.402083 0.041406 0.093056
0 0.156250 0.340972 0.028125 0.051389
0 0.354297 0.375000 0.053906 0.091667
0 0.494531 0.337500 0.039062 0.080556
0 0.524609 0.346528 0.039844 0.109722
0 0.566406 0.249306 0.029687 0.054167
0 0.616797 0.260417 0.017969 0.031944
