0 0.964844 0.567361 0.070312 0.248611
0 0.392969 0.837500 0.214062 0.325000
0 0.365234 0.596528 0.110156 0.173611
0 0.364453 0.386111 0.057031 0.088889
0 0.498047 0.337500 0.038281 0.097222
0 0.511719 0.311111 0.042188 0.069444
0 0.526563 0.353472 0.048437 0.101389
0 0.566797 0.247222 0.021094 0.038889
0 0.623047 0.251389 0.024219 0.063889
0 0.229297 0.591667 0.113281 0.186111
0 0.125391 0.641667 0.114844 0.191667
0 0.033984 0.612500 0.067969 0.191667
0 0.029687 0.500000 0.059375 0.133333
0 0.085938 0.486806 0.060938 0.151389
0 0.127734 0.461111 0.066406 0.113889
0 0.157031 0.402778 0.043750 0.100000
0 0.157031 0.333333 0.039062 0.083333
