0 0.961719 0.576389 0.076563 0.280556
0 0.406250 0.842361 0.193750 0.315278
0 0.375391 0.592361 0.113281 0.193056
0 0.369922 0.386111 0.049219 0.088889
0 0.492578 0.341667 0.030469 0.083333
0 0.506641 0.315972 0.027344 0.059722
0 0.526563 0.347917 0.043750 0.070833
0 0.567578 0.252083 0.025781 0.037500
0 0.623047 0.251389 0.028906 0.047222
0 0.228125 0.588889 0.114063 0.191667
0 0.125000 0.612500 0.096875 0.163889
0 0.033594 0.608333 0.067188 0.166667
0 0.023047 0.484028 0.046094 0.104167
0 0.079297 0.492361 0.066406 0.095833
0 0.119922 0.460417 0.057031 0.112500
0 0.157813 0.404167 0.054688 0.108333
0 0.157813 0.329861 0.025000 0.040278
