0 0.973828 0.555556 0.052344 0.255556
0 0.418359 0.854861 0.192969 0.284722
0 0.379297 0.571528 0.089844 0.170833
0 0.239453 0.578472 0.096094 0.204167
0 0.134766 0.613194 0.102344 0.165278
0 0.036719 0.597222 0.073437 0.166667
0 0.031250 0.471528 0.059375 0.123611
0 0.090234 0.480556 0.058594 0.119444
0 0.130469 0.442361 0.048437 0.112500
0 0.162109 0.392361 0.046094 0.062500
0 0.173438 0.334722 0.035937 0.041667
0 0.378125 0.375694 0.067188 0.101389
0 0.486328 0.325694 0.038281 0.065278
0 0.515625 0.313889 0.035937 0.052778
0 0.539453 0.352083 0.053906 0.076389
0 0.571875 0.246528 0.018750 0.029167
0 0.629297 0.241667 0.022656 0.025000
