0 0.632812 0.247222 0.028125 0.038889
0 0.581250 0.247917 0.023438 0.040278
0 0.542969 0.350000 0.039062 0.058333
0 0.511328 0.331944 0.047656 0.061111
0 0.523438 0.312500 0.035937 0.066667
0 0.382031 0.375000 0.042188 0.097222
0 0.379687 0.567361 0.100000 0.173611
0 0.413281 0.847917 0.196875 0.301389
0 0.248828 0.582639 0.096094 0.179167
0 0.140234 0.614583 0.116406 0.168056
0 0.043750 0.601389 0.087500 0.172222
0 0.045703 0.501389 0.077344 0.130556
0 0.101562 0.481250 0.060938 0.118056
0 0.139062 0.451389 0.050000 0.108333
0 0.168359 0.390972 0.042969 0.101389
0 0.175391 0.332639 0.032031 0.062500
0 0.983203 0.558333 0.033594 0.236111
