0 0.444141 0.817361 0.202344 0.318056
0 0.396094 0.553472 0.103125 0.173611
0 0.266797 0.565972 0.102344 0.170833
0 0.161719 0.591667 0.103125 0.172222
0 0.053906 0.580556 0.104687 0.161111
0 0.056641 0.471528 0.061719 0.101389
0 0.117188 0.464583 0.068750 0.118056
0 0.147656 0.434722 0.060938 0.127778
0 0.181641 0.386806 0.041406 0.093056
0 0.181250 0.321528 0.023438 0.040278
0 0.399219 0.364583 0.045313 0.079167
0 0.521875 0.329167 0.031250 0.063889
0 0.558203 0.343056 0.047656 0.066667
0 0.538672 0.309028 0.041406 0.062500
0 0.594531 0.242361 0.023438 0.040278
0 0.646875 0.241667 0.026563 0.050000
