0 0.457812 0.793750 0.195312 0.337500
0 0.413672 0.533333 0.110156 0.191667
0 0.276563 0.551389 0.098438 0.180556
0 0.175781 0.581250 0.106250 0.190278
0 0.073828 0.563889 0.092969 0.161111
0 0.023828 0.497917 0.047656 0.134722
0 0.071875 0.454167 0.070312 0.116667
0 0.130859 0.448611 0.060156 0.122222
0 0.169922 0.420833 0.057031 0.122222
0 0.197266 0.372917 0.042969 0.073611
0 0.200781 0.312500 0.029687 0.044444
0 0.408984 0.359028 0.049219 0.104167
0 0.531250 0.318056 0.043750 0.091667
0 0.551562 0.288194 0.032812 0.065278
0 0.575781 0.329861 0.053125 0.084722
0 0.607813 0.231944 0.025000 0.055556
0 0.661328 0.233333 0.021094 0.052778
