0 0.480078 0.788194 0.188281 0.315278
0 0.291797 0.928472 0.255469 0.140278
0 0.037109 0.737500 0.074219 0.247222
0 0.197266 0.563194 0.107031 0.173611
0 0.296875 0.549306 0.114063 0.162500
0 0.434375 0.535417 0.112500 0.181944
0 0.421484 0.352083 0.042969 0.084722
0 0.544531 0.316667 0.034375 0.063889
0 0.561328 0.297222 0.033594 0.058333
0 0.583594 0.322917 0.037500 0.065278
0 0.616406 0.221528 0.017188 0.037500
0 0.670313 0.228472 0.023438 0.037500
0 0.093359 0.556250 0.092969 0.151389
0 0.030078 0.484028 0.050781 0.118056
0 0.087500 0.444444 0.067188 0.102778
0 0.148047 0.439583 0.061719 0.104167
0 0.184766 0.419444 0.052344 0.097222
0 0.207422 0.368750 0.035156 0.062500
0 0.213281 0.306944 0.025000 0.047222
