0 0.477344 0.784028 0.175000 0.306944
0 0.294141 0.925694 0.244531 0.145833
0 0.426953 0.533333 0.097656 0.177778
0 0.421094 0.354167 0.053125 0.088889
0 0.617188 0.227083 0.017188 0.031944
0 0.672656 0.229167 0.023438 0.047222
0 0.214062 0.308333 0.023438 0.038889
0 0.212109 0.367361 0.044531 0.059722
0 0.196094 0.570139 0.103125 0.165278
0 0.297656 0.542361 0.100000 0.162500
0 0.030859 0.738889 0.061719 0.244444
0 0.092578 0.551389 0.089844 0.133333
0 0.033203 0.492361 0.061719 0.123611
0 0.083984 0.450000 0.066406 0.100000
0 0.147656 0.440278 0.056250 0.130556
0 0.182031 0.415972 0.050000 0.104167
0 0.544531 0.310417 0.032812 0.068056
0 0.578516 0.323611 0.049219 0.069444
0 0.558594 0.293750 0.039062 0.068056
