0 0.639844 0.206944 0.028125 0.038889
0 0.696484 0.211111 0.027344 0.055556
0 0.564062 0.297917 0.040625 0.079167
0 0.582422 0.270139 0.030469 0.048611
0 0.605859 0.310417 0.039844 0.079167
0 0.238672 0.293056 0.032031 0.041667
0 0.236328 0.349306 0.046094 0.076389
0 0.446094 0.334722 0.046875 0.088889
0 0.455078 0.505556 0.105469 0.175000
0 0.322266 0.519444 0.092969 0.188889
0 0.227344 0.546528 0.087500 0.165278
0 0.120703 0.529861 0.083594 0.159722
0 0.060156 0.463889 0.057813 0.113889
0 0.116797 0.423611 0.055469 0.097222
0 0.174609 0.431944 0.058594 0.141667
0 0.211328 0.397222 0.052344 0.113889
0 0.046094 0.707639 0.092188 0.265278
0 0.328516 0.900694 0.271094 0.195833
0 0.507812 0.761806 0.190625 0.306944
