0 0.237109 0.293750 0.027344 0.048611
0 0.237891 0.346528 0.042969 0.076389
0 0.212891 0.390278 0.053906 0.091667
0 0.175781 0.422222 0.059375 0.111111
0 0.116016 0.420833 0.067969 0.111111
0 0.060547 0.458333 0.069531 0.122222
0 0.117188 0.530556 0.082813 0.152778
0 0.225000 0.535417 0.100000 0.173611
0 0.321094 0.524306 0.101562 0.170833
0 0.450781 0.510417 0.106250 0.184722
0 0.444922 0.338889 0.052344 0.088889
0 0.566797 0.300694 0.038281 0.076389
0 0.608594 0.314583 0.048437 0.081944
0 0.589063 0.270139 0.034375 0.059722
0 0.641797 0.218750 0.025781 0.043056
0 0.697656 0.215972 0.037500 0.051389
0 0.501953 0.751389 0.203906 0.366667
0 0.340625 0.894444 0.242188 0.208333
0 0.048047 0.702083 0.096094 0.276389
