0 0.245312 0.291667 0.031250 0.041667
0 0.243359 0.345139 0.041406 0.068056
0 0.218359 0.389583 0.057031 0.087500
0 0.184375 0.413194 0.067188 0.098611
0 0.128906 0.416667 0.059375 0.108333
0 0.066016 0.448611 0.067969 0.122222
0 0.125391 0.516667 0.086719 0.155556
0 0.053906 0.696528 0.100000 0.262500
0 0.234375 0.538889 0.101562 0.208333
0 0.331641 0.518750 0.096094 0.190278
0 0.460156 0.498611 0.109375 0.191667
0 0.448828 0.323611 0.053906 0.097222
0 0.646875 0.206944 0.025000 0.055556
0 0.698047 0.211111 0.038281 0.055556
0 0.575000 0.290278 0.046875 0.080556
0 0.614062 0.316667 0.051562 0.088889
0 0.591797 0.266667 0.030469 0.066667
0 0.511328 0.749306 0.183594 0.323611
0 0.340234 0.895833 0.247656 0.205556
