0 0.350391 0.888889 0.260156 0.219444
0 0.520312 0.740278 0.175000 0.288889
0 0.053516 0.690972 0.107031 0.234722
0 0.466016 0.504167 0.091406 0.183333
0 0.337109 0.510417 0.091406 0.165278
0 0.241016 0.525000 0.092969 0.152778
0 0.135937 0.513194 0.090625 0.148611
0 0.075391 0.444444 0.061719 0.105556
0 0.130859 0.421528 0.057031 0.101389
0 0.186719 0.412500 0.059375 0.094444
0 0.222266 0.387500 0.047656 0.100000
0 0.248437 0.340972 0.040625 0.062500
0 0.251563 0.290278 0.025000 0.036111
0 0.455078 0.325000 0.039844 0.072222
0 0.579687 0.291667 0.035937 0.077778
0 0.594141 0.272222 0.028906 0.066667
0 0.613672 0.296528 0.047656 0.070833
0 0.650000 0.206944 0.021875 0.030556
0 0.709375 0.209028 0.015625 0.020833
