0 0.366406 0.875000 0.246875 0.247222
0 0.532031 0.732639 0.176563 0.312500
0 0.475391 0.493056 0.110156 0.180556
0 0.066797 0.688194 0.133594 0.265278
0 0.350391 0.492361 0.091406 0.184722
0 0.255078 0.520833 0.102344 0.172222
0 0.154297 0.502778 0.102344 0.166667
0 0.088672 0.440972 0.072656 0.151389
0 0.147266 0.403472 0.058594 0.115278
0 0.200781 0.403472 0.057813 0.126389
0 0.232812 0.379861 0.048437 0.104167
0 0.262500 0.330556 0.048437 0.072222
0 0.260938 0.279861 0.015625 0.037500
0 0.468750 0.320833 0.042188 0.083333
0 0.589063 0.283333 0.034375 0.072222
0 0.607422 0.257639 0.028906 0.059722
0 0.627344 0.293750 0.040625 0.079167
0 0.662109 0.200000 0.024219 0.041667
0 0.718750 0.208333 0.009375 0.044444
