0 0.541797 0.728472 0.178906 0.295833
0 0.371094 0.876389 0.273438 0.238889
0 0.068359 0.672917 0.136719 0.245833
0 0.482812 0.493750 0.104687 0.179167
0 0.358203 0.492361 0.097656 0.173611
0 0.262109 0.509028 0.099219 0.162500
0 0.161719 0.500000 0.093750 0.147222
0 0.100781 0.436111 0.064062 0.113889
0 0.150391 0.398611 0.060156 0.108333
0 0.207813 0.397222 0.057813 0.113889
0 0.241797 0.384028 0.049219 0.104167
0 0.264062 0.332639 0.032812 0.059722
0 0.268750 0.281250 0.023438 0.045833
0 0.012500 0.437500 0.025000 0.094444
0 0.472656 0.318056 0.043750 0.077778
0 0.596875 0.288194 0.035937 0.076389
0 0.612891 0.258333 0.032031 0.055556
0 0.633594 0.297917 0.042188 0.070833
0 0.669141 0.203472 0.021094 0.037500
0 0.724609 0.200694 0.025781 0.020833
