0 0.551172 0.709722 0.183594 0.302778
0 0.382812 0.869444 0.254687 0.238889
0 0.081641 0.656250 0.139844 0.220833
0 0.172656 0.481250 0.085938 0.134722
0 0.274219 0.502083 0.100000 0.168056
0 0.369141 0.484722 0.094531 0.147222
0 0.501172 0.488194 0.100781 0.176389
0 0.017188 0.420833 0.034375 0.086111
0 0.113281 0.425000 0.060938 0.100000
0 0.167969 0.401389 0.064062 0.102778
0 0.216797 0.395833 0.061719 0.130556
0 0.254687 0.369444 0.051562 0.100000
0 0.280469 0.322917 0.034375 0.054167
0 0.279297 0.269444 0.027344 0.038889
0 0.483594 0.309722 0.043750 0.077778
0 0.608203 0.280556 0.038281 0.066667
0 0.645703 0.285417 0.046094 0.070833
0 0.629687 0.257639 0.042188 0.070833
0 0.684766 0.194444 0.021094 0.036111
0 0.737500 0.195139 0.023438 0.043056
