0 0.562891 0.693750 0.172656 0.287500
0 0.395703 0.853472 0.228906 0.290278
0 0.087891 0.645139 0.147656 0.226389
0 0.282813 0.495139 0.087500 0.176389
0 0.372656 0.473611 0.093750 0.166667
0 0.505078 0.482639 0.105469 0.181944
0 0.182422 0.484028 0.094531 0.159722
0 0.122656 0.413889 0.056250 0.105556
0 0.028516 0.429861 0.057031 0.137500
0 0.176563 0.386806 0.057813 0.090278
0 0.222266 0.378472 0.052344 0.104167
0 0.259375 0.361111 0.043750 0.080556
0 0.282422 0.316667 0.036719 0.061111
0 0.286328 0.263194 0.022656 0.034722
0 0.490625 0.309028 0.039062 0.084722
0 0.613281 0.274306 0.035937 0.065278
0 0.648047 0.277778 0.047656 0.066667
0 0.632422 0.249306 0.030469 0.068056
0 0.689062 0.190972 0.026563 0.031944
0 0.744922 0.193056 0.027344 0.036111
