0 0.403125 0.858333 0.235938 0.283333
0 0.566797 0.705556 0.172656 0.322222
0 0.095312 0.646528 0.139062 0.237500
0 0.025781 0.409722 0.051562 0.097222
0 0.126563 0.413889 0.062500 0.111111
0 0.181250 0.480556 0.089062 0.141667
0 0.287891 0.488194 0.097656 0.145833
0 0.378516 0.476389 0.102344 0.138889
0 0.514063 0.467361 0.103125 0.187500
0 0.175781 0.377778 0.065625 0.105556
0 0.235156 0.370833 0.057813 0.083333
0 0.273047 0.354861 0.053906 0.101389
0 0.293750 0.311806 0.035937 0.051389
0 0.295703 0.266667 0.039844 0.044444
0 0.498437 0.303472 0.050000 0.087500
0 0.620313 0.268056 0.037500 0.061111
0 0.636719 0.250694 0.032812 0.062500
0 0.662500 0.271528 0.040625 0.065278
0 0.694922 0.183333 0.033594 0.038889
0 0.750391 0.191667 0.019531 0.030556
