0 0.410547 0.855556 0.238281 0.288889
0 0.578906 0.694444 0.178125 0.311111
0 0.107031 0.632639 0.143750 0.226389
0 0.033203 0.403472 0.064844 0.101389
0 0.517578 0.470139 0.096094 0.168056
0 0.387500 0.462500 0.084375 0.152778
0 0.295703 0.483333 0.094531 0.166667
0 0.194922 0.460417 0.096094 0.140278
0 0.138672 0.409722 0.061719 0.108333
0 0.191016 0.384028 0.061719 0.104167
0 0.243750 0.379167 0.057813 0.088889
0 0.275391 0.354167 0.049219 0.072222
0 0.297656 0.309028 0.031250 0.056944
0 0.295703 0.256250 0.028906 0.031944
0 0.501953 0.295139 0.047656 0.068056
0 0.626562 0.265278 0.031250 0.075000
0 0.665625 0.267361 0.042188 0.070833
0 0.646484 0.248611 0.039844 0.063889
0 0.698438 0.177778 0.017188 0.038889
0 0.757422 0.184028 0.027344 0.048611
