0 0.419531 0.847222 0.239063 0.305556
0 0.581250 0.690278 0.182812 0.311111
0 0.114453 0.623611 0.130469 0.250000
0 0.520703 0.456944 0.100781 0.166667
0 0.398828 0.459722 0.092969 0.161111
0 0.300000 0.486111 0.101562 0.191667
0 0.206250 0.452778 0.096875 0.150000
0 0.039844 0.393750 0.071875 0.129167
0 0.137109 0.398611 0.058594 0.113889
0 0.194141 0.370139 0.066406 0.131944
0 0.242188 0.362500 0.065625 0.097222
0 0.276172 0.336111 0.055469 0.094444
0 0.300391 0.297222 0.042969 0.063889
0 0.306641 0.255556 0.030469 0.052778
0 0.507422 0.290278 0.052344 0.077778
0 0.636719 0.255556 0.039062 0.077778
0 0.671484 0.266667 0.041406 0.086111
0 0.647656 0.238194 0.040625 0.076389
0 0.709766 0.182639 0.032031 0.037500
0 0.762500 0.181250 0.023438 0.031944
