0 0.422266 0.857639 0.232031 0.284722
0 0.583594 0.689583 0.168750 0.290278
0 0.113672 0.616667 0.130469 0.225000
0 0.522266 0.457639 0.092969 0.168056
0 0.392578 0.460417 0.088281 0.159722
0 0.298047 0.471528 0.099219 0.156944
0 0.203906 0.458333 0.084375 0.138889
0 0.036719 0.399306 0.065625 0.106944
0 0.142188 0.404861 0.062500 0.129167
0 0.192969 0.370139 0.062500 0.101389
0 0.243750 0.372222 0.048437 0.102778
0 0.283594 0.353472 0.051562 0.101389
0 0.306250 0.309028 0.042188 0.068056
0 0.305469 0.246528 0.026563 0.045833
0 0.506641 0.293750 0.046094 0.087500
0 0.634375 0.263889 0.034375 0.072222
0 0.646875 0.242361 0.032812 0.059722
0 0.670313 0.282639 0.045313 0.073611
0 0.704687 0.184028 0.029687 0.043056
0 0.762500 0.178472 0.025000 0.031944
