0 0.431250 0.841667 0.226562 0.316667
0 0.586719 0.672917 0.181250 0.301389
0 0.119141 0.617361 0.133594 0.240278
0 0.529297 0.454861 0.097656 0.173611
0 0.402734 0.456944 0.103906 0.163889
0 0.302344 0.472917 0.100000 0.165278
0 0.210938 0.459722 0.101562 0.158333
0 0.044141 0.388889 0.075781 0.105556
0 0.149219 0.397917 0.065625 0.104167
0 0.198047 0.370833 0.066406 0.105556
0 0.251172 0.365278 0.057031 0.100000
0 0.283984 0.339583 0.052344 0.118056
0 0.306641 0.306250 0.035156 0.068056
0 0.311328 0.253472 0.030469 0.056944
0 0.514453 0.285417 0.042969 0.070833
0 0.637500 0.257639 0.040625 0.090278
0 0.652344 0.237500 0.039062 0.075000
0 0.682031 0.277083 0.051562 0.087500
0 0.713672 0.180556 0.028906 0.044444
0 0.769922 0.181250 0.032031 0.037500
