0 0.436328 0.852778 0.239844 0.294444
0 0.596875 0.675000 0.168750 0.277778
0 0.135547 0.609722 0.136719 0.236111
0 0.534375 0.452778 0.093750 0.161111
0 0.411719 0.452083 0.084375 0.156944
0 0.319141 0.466667 0.105469 0.166667
0 0.217969 0.448611 0.084375 0.150000
0 0.053125 0.389583 0.071875 0.118056
0 0.152734 0.392361 0.063281 0.115278
0 0.211328 0.366667 0.058594 0.102778
0 0.258984 0.359028 0.058594 0.093056
0 0.291016 0.335417 0.061719 0.095833
0 0.316406 0.300000 0.034375 0.061111
0 0.326562 0.254861 0.039062 0.073611
0 0.521094 0.286111 0.043750 0.075000
0 0.644141 0.253472 0.035156 0.068056
0 0.659375 0.235417 0.042188 0.070833
0 0.679688 0.270833 0.046875 0.083333
0 0.719922 0.177083 0.024219 0.048611
0 0.769922 0.178472 0.022656 0.043056
