0 0.445312 0.837500 0.234375 0.325000
0 0.601172 0.669444 0.171094 0.300000
0 0.139453 0.608333 0.127344 0.225000
0 0.060156 0.384028 0.068750 0.104167
0 0.162891 0.390972 0.057031 0.112500
0 0.222656 0.450000 0.076563 0.133333
0 0.211328 0.368750 0.057031 0.118056
0 0.266406 0.352778 0.067188 0.116667
0 0.293750 0.330556 0.053125 0.083333
0 0.323438 0.300000 0.042188 0.069444
0 0.316797 0.247222 0.016406 0.027778
0 0.317969 0.452778 0.079687 0.166667
0 0.410547 0.445139 0.099219 0.145833
0 0.540625 0.447222 0.104687 0.161111
0 0.530469 0.286111 0.051562 0.075000
0 0.648828 0.242361 0.046094 0.068056
0 0.667188 0.232639 0.034375 0.054167
0 0.683984 0.263194 0.052344 0.079167
0 0.730469 0.168750 0.021875 0.045833
0 0.779688 0.176389 0.021875 0.038889
