0 0.471094 0.813889 0.228125 0.372222
0 0.621484 0.640278 0.178906 0.305556
0 0.164062 0.572917 0.134375 0.226389
0 0.021875 0.501389 0.043750 0.177778
0 0.083984 0.370833 0.058594 0.113889
0 0.183203 0.372917 0.069531 0.120833
0 0.239844 0.433333 0.079687 0.127778
0 0.240234 0.343750 0.069531 0.112500
0 0.292578 0.342361 0.069531 0.095833
0 0.323438 0.316667 0.057813 0.100000
0 0.342187 0.271528 0.037500 0.056944
0 0.346094 0.238194 0.039062 0.043056
0 0.346094 0.443750 0.096875 0.159722
0 0.436328 0.426389 0.097656 0.180556
0 0.557031 0.422917 0.115625 0.187500
0 0.550781 0.270833 0.050000 0.075000
0 0.669531 0.239583 0.045313 0.054167
0 0.685938 0.218750 0.032812 0.054167
0 0.713672 0.254861 0.036719 0.073611
0 0.746094 0.166667 0.028125 0.030556
0 0.803516 0.165972 0.025781 0.040278
