0 0.466406 0.808333 0.218750 0.383333
0 0.620703 0.627083 0.169531 0.290278
0 0.165625 0.581250 0.131250 0.220833
0 0.020312 0.509028 0.040625 0.176389
0 0.080859 0.361111 0.050781 0.102778
0 0.185547 0.366667 0.066406 0.113889
0 0.244141 0.431250 0.094531 0.156944
0 0.239453 0.336111 0.060156 0.094444
0 0.293750 0.343056 0.059375 0.100000
0 0.326562 0.321528 0.045313 0.070833
0 0.341016 0.279861 0.035156 0.068056
0 0.340625 0.234028 0.034375 0.045833
0 0.341797 0.440972 0.089844 0.154167
0 0.434766 0.438194 0.086719 0.170833
0 0.553906 0.425000 0.107813 0.169444
0 0.543750 0.263889 0.045313 0.088889
0 0.674219 0.233333 0.045313 0.072222
0 0.683984 0.216667 0.036719 0.069444
0 0.705078 0.259722 0.052344 0.097222
0 0.742969 0.168750 0.021875 0.031944
0 0.810547 0.175000 0.028906 0.072222
