0 0.476562 0.804167 0.250000 0.391667
0 0.629297 0.634028 0.167969 0.348611
0 0.172266 0.572917 0.147656 0.248611
0 0.023438 0.486806 0.046875 0.212500
0 0.089844 0.356250 0.064062 0.087500
0 0.194922 0.370139 0.060156 0.104167
0 0.255469 0.424306 0.081250 0.131944
0 0.247266 0.334028 0.061719 0.112500
0 0.298828 0.334028 0.050781 0.093056
0 0.330469 0.311806 0.048437 0.101389
0 0.353906 0.281250 0.025000 0.062500
0 0.354297 0.234028 0.028906 0.051389
0 0.351172 0.437500 0.083594 0.152778
0 0.444141 0.434028 0.094531 0.165278
0 0.563281 0.433333 0.101562 0.161111
0 0.554297 0.261111 0.042969 0.072222
0 0.677344 0.239583 0.042188 0.076389
0 0.687500 0.217361 0.031250 0.076389
0 0.714453 0.258333 0.042969 0.066667
0 0.749609 0.176389 0.030469 0.047222
0 0.812891 0.166667 0.024219 0.061111
