0 0.505859 0.801389 0.230469 0.397222
0 0.649609 0.613194 0.183594 0.306944
0 0.593359 0.410417 0.099219 0.162500
0 0.465234 0.409028 0.082031 0.165278
0 0.373047 0.425694 0.092969 0.165278
0 0.201172 0.542361 0.113281 0.206944
0 0.035156 0.490972 0.070312 0.193056
0 0.114453 0.354167 0.050781 0.122222
0 0.216797 0.356250 0.063281 0.118056
0 0.278516 0.413889 0.074219 0.150000
0 0.270312 0.331944 0.053125 0.111111
0 0.319141 0.326389 0.053906 0.113889
0 0.344922 0.311806 0.049219 0.101389
0 0.372266 0.272917 0.041406 0.081944
0 0.368750 0.216667 0.023438 0.038889
0 0.575781 0.258333 0.040625 0.075000
0 0.701953 0.228472 0.039844 0.073611
0 0.741797 0.234722 0.039844 0.077778
0 0.718750 0.213194 0.037500 0.062500
0 0.774609 0.157639 0.027344 0.037500
0 0.835156 0.155556 0.021875 0.038889
