0 0.513672 0.788889 0.214844 0.394444
0 0.662891 0.600694 0.160156 0.262500
0 0.216797 0.534028 0.116406 0.195833
0 0.024219 0.484028 0.048437 0.162500
0 0.053125 0.449306 0.079687 0.168056
0 0.132812 0.329861 0.053125 0.101389
0 0.232031 0.341667 0.059375 0.122222
0 0.291406 0.388194 0.073437 0.148611
0 0.281641 0.315278 0.049219 0.102778
0 0.331250 0.318750 0.056250 0.118056
0 0.364062 0.291667 0.035937 0.094444
0 0.380859 0.252778 0.041406 0.052778
0 0.379687 0.210417 0.018750 0.031944
0 0.385938 0.416667 0.082813 0.138889
0 0.479688 0.400694 0.084375 0.145833
0 0.604297 0.407639 0.086719 0.137500
0 0.587891 0.252083 0.046094 0.079167
0 0.711328 0.217361 0.036719 0.062500
0 0.732031 0.197917 0.029687 0.054167
0 0.753906 0.237500 0.035937 0.055556
0 0.790625 0.151389 0.031250 0.041667
0 0.848437 0.152778 0.025000 0.044444
