0 0.513281 0.782639 0.218750 0.431944
0 0.664062 0.604861 0.170312 0.320833
0 0.605469 0.397917 0.096875 0.168056
0 0.216797 0.525694 0.122656 0.204167
0 0.026172 0.484722 0.052344 0.169444
0 0.054688 0.449306 0.070312 0.184722
0 0.130859 0.328472 0.044531 0.093056
0 0.228906 0.345833 0.059375 0.127778
0 0.293359 0.393056 0.078906 0.138889
0 0.280859 0.307639 0.053906 0.084722
0 0.332031 0.304861 0.056250 0.101389
0 0.359766 0.288889 0.042969 0.094444
0 0.380469 0.259028 0.042188 0.059722
0 0.385938 0.414583 0.084375 0.151389
0 0.477344 0.400694 0.079687 0.148611
0 0.585156 0.252083 0.040625 0.073611
0 0.710156 0.218056 0.031250 0.052778
0 0.730469 0.204861 0.026563 0.062500
0 0.751953 0.235417 0.039844 0.059722
0 0.788672 0.143056 0.021094 0.038889
0 0.847656 0.150694 0.025000 0.043056
