0 0.521484 0.765278 0.211719 0.413889
0 0.670313 0.577778 0.165625 0.294444
0 0.226172 0.509028 0.105469 0.220833
0 0.026563 0.466667 0.053125 0.183333
0 0.056250 0.441667 0.081250 0.183333
0 0.137109 0.325000 0.052344 0.094444
0 0.239844 0.330556 0.057813 0.102778
0 0.293750 0.384028 0.076563 0.154167
0 0.291406 0.305556 0.051562 0.088889
0 0.341406 0.306944 0.046875 0.125000
0 0.368359 0.286806 0.038281 0.090278
0 0.387500 0.249306 0.032812 0.051389
0 0.384375 0.202778 0.025000 0.041667
0 0.392969 0.402083 0.082813 0.137500
0 0.482031 0.392361 0.082813 0.156944
0 0.610156 0.395139 0.095312 0.154167
0 0.592578 0.241667 0.036719 0.066667
0 0.721094 0.218750 0.035937 0.070833
0 0.731250 0.193750 0.025000 0.056944
0 0.759766 0.234028 0.041406 0.076389
0 0.794531 0.143056 0.017188 0.030556
0 0.857031 0.150000 0.018750 0.036111
