0 0.528906 0.738889 0.220313 0.391667
0 0.675000 0.577083 0.167187 0.295833
0 0.236328 0.508333 0.125781 0.216667
0 0.033594 0.459722 0.067188 0.169444
0 0.062891 0.432639 0.080469 0.179167
0 0.145703 0.313194 0.057031 0.098611
0 0.249609 0.332639 0.057031 0.112500
0 0.310156 0.372222 0.075000 0.127778
0 0.405469 0.397222 0.087500 0.158333
0 0.485938 0.385417 0.087500 0.148611
0 0.616016 0.385417 0.102344 0.165278
0 0.298438 0.290278 0.048437 0.080556
0 0.345703 0.299306 0.055469 0.112500
0 0.375781 0.281944 0.045313 0.088889
0 0.402344 0.247917 0.034375 0.065278
0 0.598047 0.247222 0.039844 0.077778
0 0.725391 0.216667 0.038281 0.072222
0 0.766406 0.228472 0.042188 0.073611
0 0.745703 0.203472 0.028906 0.070833
0 0.799609 0.148611 0.024219 0.038889
0 0.862500 0.143056 0.018750 0.033333
