0 0.533594 0.727083 0.210938 0.401389
0 0.681641 0.561806 0.153906 0.268056
0 0.620703 0.381944 0.102344 0.169444
0 0.499609 0.378472 0.089844 0.165278
0 0.406641 0.393056 0.083594 0.172222
0 0.247656 0.493056 0.121875 0.216667
0 0.035937 0.445139 0.071875 0.187500
0 0.077344 0.422222 0.081250 0.166667
0 0.155859 0.312500 0.058594 0.080556
0 0.252734 0.318750 0.050781 0.106944
0 0.311719 0.374306 0.068750 0.131944
0 0.303906 0.306944 0.053125 0.113889
0 0.350781 0.289583 0.053125 0.098611
0 0.381641 0.268750 0.047656 0.081944
0 0.406641 0.240278 0.038281 0.072222
0 0.602344 0.239583 0.043750 0.081944
0 0.732813 0.209028 0.031250 0.065278
0 0.748438 0.200694 0.032812 0.054167
0 0.768359 0.225000 0.041406 0.080556
0 0.806641 0.147917 0.024219 0.045833
0 0.871484 0.151389 0.021094 0.044444
