0 0.536328 0.723611 0.199219 0.402778
0 0.683984 0.554167 0.152344 0.283333
0 0.623438 0.382639 0.092188 0.168056
0 0.495703 0.377083 0.088281 0.165278
0 0.406641 0.390972 0.086719 0.156944
0 0.243750 0.488194 0.120312 0.204167
0 0.039062 0.445833 0.078125 0.177778
0 0.081641 0.421528 0.067969 0.170833
0 0.155078 0.311806 0.049219 0.090278
0 0.251172 0.317361 0.053906 0.104167
0 0.306250 0.370833 0.076563 0.130556
0 0.305469 0.310417 0.051562 0.104167
0 0.355469 0.287500 0.050000 0.094444
0 0.383203 0.268056 0.042969 0.075000
0 0.409375 0.249306 0.042188 0.070833
0 0.604688 0.235417 0.045313 0.065278
0 0.736328 0.218056 0.038281 0.066667
0 0.772656 0.217361 0.043750 0.070833
