0 0.541406 0.684722 0.206250 0.425000
0 0.689062 0.541667 0.159375 0.266667
0 0.628906 0.365972 0.092188 0.162500
0 0.502734 0.366667 0.074219 0.152778
0 0.414062 0.375694 0.095312 0.145833
0 0.248437 0.482639 0.120312 0.201389
0 0.037891 0.439583 0.075781 0.190278
0 0.081250 0.405556 0.071875 0.177778
0 0.162109 0.308333 0.052344 0.105556
0 0.261328 0.308333 0.046094 0.111111
0 0.316797 0.364583 0.078906 0.140278
0 0.309375 0.286806 0.057813 0.106944
0 0.360938 0.286806 0.060938 0.115278
0 0.393750 0.263889 0.042188 0.097222
0 0.413672 0.229167 0.033594 0.061111
0 0.610937 0.232639 0.035937 0.070833
0 0.739062 0.207639 0.039062 0.070833
0 0.775781 0.204861 0.048437 0.098611
