0 0.544141 0.706250 0.222656 0.376389
0 0.693750 0.540278 0.162500 0.305556
0 0.633984 0.363889 0.096094 0.175000
0 0.260547 0.480556 0.139844 0.219444
0 0.047266 0.434028 0.094531 0.179167
0 0.088672 0.410417 0.075781 0.184722
0 0.168359 0.302083 0.049219 0.098611
0 0.267578 0.309722 0.053906 0.105556
0 0.323047 0.353472 0.067969 0.123611
0 0.419922 0.374306 0.083594 0.143056
0 0.507422 0.363194 0.078906 0.145833
0 0.317187 0.297222 0.054688 0.108333
0 0.370703 0.287500 0.055469 0.091667
0 0.398047 0.264583 0.035156 0.098611
0 0.413281 0.221528 0.031250 0.065278
0 0.620313 0.229861 0.043750 0.081944
0 0.746484 0.206944 0.052344 0.069444
0 0.787109 0.219444 0.047656 0.063889
