0 0.544531 0.676389 0.220313 0.377778
0 0.697656 0.525000 0.157813 0.288889
0 0.633594 0.343056 0.090625 0.150000
0 0.514844 0.343750 0.079687 0.159722
0 0.428125 0.366667 0.093750 0.169444
0 0.258984 0.458333 0.122656 0.219444
0 0.048828 0.411806 0.097656 0.173611
0 0.095703 0.383333 0.082031 0.163889
0 0.177344 0.292361 0.053125 0.109722
0 0.273438 0.301389 0.053125 0.097222
0 0.332031 0.352083 0.064062 0.131944
0 0.320312 0.282639 0.050000 0.109722
0 0.374219 0.275000 0.050000 0.113889
0 0.403125 0.254861 0.040625 0.079167
0 0.419531 0.222222 0.031250 0.061111
0 0.622656 0.222222 0.039062 0.072222
0 0.751953 0.198611 0.046094 0.069444
0 0.789844 0.205556 0.040625 0.077778
