0 0.553125 0.650694 0.207813 0.356944
0 0.703516 0.505556 0.163281 0.297222
0 0.267969 0.450000 0.123438 0.194444
0 0.053516 0.407639 0.099219 0.179167
0 0.092969 0.384722 0.082813 0.161111
0 0.180469 0.284722 0.051562 0.105556
0 0.276172 0.291667 0.057031 0.100000
0 0.334375 0.334722 0.076563 0.127778
0 0.430859 0.349306 0.075781 0.143056
0 0.518750 0.342361 0.087500 0.156944
0 0.648438 0.342361 0.096875 0.156944
0 0.328516 0.282639 0.060156 0.120833
0 0.382031 0.271528 0.060938 0.104167
0 0.403906 0.247222 0.042188 0.083333
0 0.428516 0.226389 0.038281 0.066667
0 0.627344 0.221528 0.039062 0.070833
0 0.755469 0.200694 0.040625 0.062500
0 0.791406 0.195833 0.059375 0.105556
