0 0.562109 0.615972 0.216406 0.362500
0 0.710547 0.484028 0.171094 0.284722
0 0.652344 0.317361 0.095312 0.165278
0 0.533203 0.327778 0.091406 0.169444
0 0.442578 0.339583 0.086719 0.151389
0 0.281250 0.424306 0.132812 0.223611
0 0.067578 0.382639 0.086719 0.168056
0 0.119531 0.359028 0.090625 0.154167
0 0.191797 0.269444 0.058594 0.097222
0 0.287891 0.277778 0.053906 0.097222
0 0.349219 0.318056 0.078125 0.122222
0 0.387891 0.254167 0.058594 0.094444
0 0.639844 0.207639 0.051562 0.081944
0 0.768750 0.185417 0.034375 0.065278
0 0.810938 0.199306 0.053125 0.070833
