0 0.564844 0.599306 0.212500 0.381944
0 0.719141 0.469444 0.158594 0.272222
0 0.671094 0.325000 0.109375 0.197222
0 0.542188 0.328472 0.101562 0.165278
0 0.446094 0.318056 0.100000 0.147222
0 0.280859 0.416667 0.116406 0.225000
0 0.028516 0.347917 0.057031 0.176389
0 0.069922 0.380556 0.096094 0.144444
0 0.126172 0.359722 0.092969 0.166667
0 0.195312 0.268056 0.059375 0.091667
0 0.295703 0.268056 0.067969 0.108333
0 0.351562 0.312500 0.076563 0.125000
0 0.342969 0.254861 0.057813 0.106944
0 0.395312 0.246528 0.062500 0.081944
0 0.419531 0.229861 0.040625 0.098611
0 0.445312 0.200000 0.035937 0.055556
0 0.648438 0.206250 0.051562 0.076389
0 0.771875 0.180556 0.045313 0.069444
0 0.812109 0.183333 0.044531 0.069444
0 0.855469 0.122917 0.020312 0.037500
0 0.920703 0.129861 0.030469 0.048611
