0 0.573828 0.568750 0.205469 0.345833
0 0.726172 0.447222 0.158594 0.280556
0 0.671875 0.297222 0.090625 0.163889
0 0.542969 0.313194 0.084375 0.162500
0 0.454297 0.310417 0.086719 0.154167
0 0.294922 0.390972 0.122656 0.204167
0 0.027344 0.334722 0.054688 0.188889
0 0.085156 0.364583 0.078125 0.176389
0 0.130078 0.327778 0.077344 0.166667
0 0.214844 0.268750 0.070312 0.120833
0 0.300781 0.261806 0.059375 0.129167
0 0.361328 0.304861 0.075781 0.148611
0 0.353125 0.246528 0.057813 0.118056
0 0.406641 0.235417 0.055469 0.093056
0 0.435156 0.215972 0.040625 0.070833
0 0.657031 0.198611 0.043750 0.066667
0 0.787891 0.178472 0.035156 0.076389
0 0.825781 0.184722 0.039062 0.069444
