0 0.573828 0.561111 0.208594 0.391667
0 0.729297 0.437500 0.161719 0.272222
0 0.296094 0.382639 0.123438 0.187500
0 0.025391 0.337500 0.050781 0.169444
0 0.092969 0.340278 0.089062 0.175000
0 0.130859 0.315972 0.082031 0.176389
0 0.213281 0.242361 0.043750 0.095833
0 0.310156 0.249306 0.051562 0.095833
0 0.367188 0.292361 0.070312 0.123611
0 0.408984 0.220139 0.047656 0.087500
0 0.458594 0.305556 0.076563 0.136111
0 0.549219 0.300694 0.076563 0.145833
0 0.673828 0.298611 0.100781 0.141667
0 0.660547 0.187500 0.038281 0.055556
0 0.792578 0.170139 0.041406 0.073611
0 0.829687 0.181250 0.039062 0.065278
