0 0.578125 0.548611 0.206250 0.347222
0 0.726562 0.443056 0.168750 0.277778
0 0.300391 0.374306 0.114844 0.181944
0 0.025000 0.343056 0.050000 0.144444
0 0.096484 0.345139 0.088281 0.156944
0 0.143750 0.325000 0.081250 0.152778
0 0.219922 0.244444 0.050781 0.088889
0 0.312891 0.254167 0.060156 0.097222
0 0.372656 0.278472 0.078125 0.143056
0 0.415625 0.224306 0.042188 0.070833
0 0.467578 0.306944 0.075781 0.144444
0 0.448438 0.210417 0.040625 0.056944
0 0.546094 0.288194 0.082813 0.151389
0 0.679688 0.294444 0.089062 0.138889
0 0.667578 0.193750 0.046094 0.070833
0 0.798437 0.174306 0.040625 0.073611
0 0.838672 0.181944 0.039844 0.061111
