0 0.583594 0.537500 0.220313 0.391667
0 0.740234 0.423611 0.157031 0.308333
0 0.021875 0.481250 0.043750 0.268056
0 0.031250 0.317361 0.062500 0.143056
0 0.101562 0.336111 0.096875 0.163889
0 0.146484 0.313194 0.085156 0.151389
0 0.225781 0.238889 0.045313 0.077778
0 0.303906 0.367361 0.120312 0.193056
0 0.323828 0.243056 0.060156 0.091667
0 0.373828 0.289583 0.069531 0.115278
0 0.426562 0.227778 0.054688 0.097222
0 0.473437 0.293056 0.075000 0.136111
0 0.563281 0.289583 0.085938 0.154167
0 0.685547 0.297222 0.099219 0.172222
0 0.671875 0.190278 0.042188 0.066667
0 0.805469 0.165972 0.039062 0.059722
0 0.846875 0.182639 0.034375 0.059722
