0 0.590625 0.529861 0.206250 0.376389
0 0.744141 0.420139 0.169531 0.306944
0 0.033984 0.480556 0.067969 0.255556
0 0.035156 0.308333 0.070312 0.141667
0 0.113281 0.325000 0.085938 0.158333
0 0.151562 0.302083 0.084375 0.129167
0 0.230469 0.240278 0.060938 0.097222
0 0.310547 0.364583 0.128906 0.204167
0 0.324219 0.244444 0.060938 0.119444
0 0.381641 0.277083 0.071094 0.120833
0 0.425391 0.222917 0.052344 0.098611
0 0.472656 0.295139 0.089062 0.165278
0 0.561328 0.295833 0.086719 0.166667
0 0.690234 0.295833 0.113281 0.163889
0 0.681250 0.181944 0.048437 0.072222
0 0.813281 0.163889 0.045313 0.075000
0 0.851953 0.177778 0.050781 0.083333
