0 0.600391 0.515972 0.202344 0.381944
0 0.753516 0.412500 0.171094 0.286111
0 0.033594 0.459028 0.067188 0.281944
0 0.047656 0.292361 0.082813 0.159722
0 0.123438 0.316667 0.082813 0.177778
0 0.159375 0.300000 0.076563 0.144444
0 0.240234 0.230556 0.060156 0.102778
0 0.316797 0.359028 0.124219 0.198611
0 0.339453 0.232639 0.060156 0.095833
0 0.395703 0.268750 0.075781 0.115278
0 0.438281 0.208333 0.054688 0.086111
0 0.486719 0.279861 0.087500 0.156944
0 0.577734 0.286111 0.089844 0.150000
0 0.484766 0.178472 0.041406 0.070833
0 0.705469 0.283333 0.101562 0.172222
0 0.699219 0.172222 0.048437 0.100000
0 0.825781 0.165972 0.042188 0.070833
0 0.867578 0.175694 0.053906 0.059722
