0 0.594531 0.520139 0.215625 0.370833
0 0.753906 0.401389 0.162500 0.280556
0 0.038281 0.446528 0.076563 0.273611
0 0.042969 0.286806 0.085938 0.137500
0 0.120703 0.312500 0.086719 0.155556
0 0.167578 0.293056 0.078906 0.141667
0 0.242969 0.230556 0.059375 0.102778
0 0.323438 0.355556 0.123438 0.200000
0 0.339844 0.224306 0.059375 0.095833
0 0.394922 0.274306 0.069531 0.134722
0 0.442969 0.212500 0.048437 0.075000
0 0.483203 0.279861 0.082031 0.145833
0 0.575000 0.276389 0.095312 0.141667
0 0.698828 0.270833 0.096094 0.141667
0 0.691406 0.175000 0.053125 0.077778
0 0.830078 0.165972 0.050781 0.068056
0 0.486719 0.172917 0.045313 0.070833
0 0.869922 0.166667 0.039844 0.066667
