0 0.616406 0.518750 0.223438 0.368056
0 0.775000 0.395139 0.156250 0.279167
0 0.047656 0.440278 0.095312 0.286111
0 0.344141 0.346528 0.124219 0.206944
0 0.058203 0.286806 0.072656 0.109722
0 0.136719 0.306250 0.095312 0.168056
0 0.187891 0.280556 0.085156 0.166667
0 0.260938 0.216667 0.048437 0.091667
0 0.351172 0.218056 0.041406 0.083333
0 0.409375 0.254861 0.079687 0.106944
0 0.507031 0.276389 0.085938 0.147222
0 0.449609 0.211806 0.058594 0.087500
0 0.494531 0.183333 0.048437 0.069444
0 0.579297 0.254167 0.092969 0.144444
0 0.721484 0.275000 0.099219 0.155556
0 0.702734 0.164583 0.039844 0.062500
0 0.841016 0.156944 0.047656 0.058333
0 0.883594 0.173611 0.048437 0.069444
