0 0.056641 0.429861 0.113281 0.287500
0 0.088672 0.283333 0.085156 0.138889
0 0.153125 0.286806 0.096875 0.170833
0 0.210547 0.276389 0.082031 0.141667
0 0.280469 0.206944 0.051562 0.086111
0 0.358203 0.334028 0.121094 0.176389
0 0.626953 0.504861 0.230469 0.370833
0 0.790625 0.403472 0.175000 0.273611
0 0.371484 0.215972 0.050781 0.101389
0 0.425000 0.248611 0.084375 0.113889
0 0.515234 0.279861 0.091406 0.145833
0 0.614844 0.265972 0.109375 0.159722
0 0.737109 0.271528 0.099219 0.137500
0 0.727344 0.165972 0.039062 0.056944
0 0.858984 0.155556 0.036719 0.077778
0 0.897266 0.165278 0.046094 0.075000
