0 0.058203 0.436806 0.116406 0.290278
0 0.083984 0.281944 0.086719 0.150000
0 0.160938 0.289583 0.092188 0.156944
0 0.200781 0.272222 0.079687 0.138889
0 0.280078 0.212500 0.058594 0.094444
0 0.358203 0.345139 0.124219 0.204167
0 0.371875 0.219444 0.057813 0.102778
0 0.429688 0.245139 0.079687 0.151389
0 0.476953 0.193750 0.061719 0.090278
0 0.512109 0.270139 0.096094 0.176389
0 0.515234 0.163889 0.042969 0.063889
0 0.607422 0.265972 0.088281 0.151389
0 0.624609 0.525694 0.238281 0.379167
0 0.797266 0.406944 0.183594 0.294444
0 0.737500 0.285417 0.139062 0.176389
0 0.721484 0.163194 0.046094 0.065278
0 0.862500 0.161806 0.037500 0.090278
0 0.903125 0.167361 0.037500 0.068056
