0 0.657422 0.508333 0.205469 0.352778
0 0.065625 0.415972 0.131250 0.256944
0 0.109375 0.278472 0.079687 0.129167
0 0.185547 0.279167 0.100781 0.166667
0 0.227344 0.268056 0.079687 0.133333
0 0.303125 0.202778 0.060938 0.091667
0 0.372266 0.327083 0.121094 0.179167
0 0.392578 0.206944 0.064844 0.086111
0 0.448047 0.240972 0.085156 0.129167
0 0.546484 0.270833 0.094531 0.127778
0 0.501172 0.188194 0.050781 0.070833
0 0.631250 0.256944 0.085938 0.150000
0 0.766797 0.290278 0.111719 0.175000
0 0.814844 0.406250 0.167187 0.270833
0 0.751172 0.170833 0.039844 0.080556
0 0.880859 0.163889 0.047656 0.072222
0 0.925391 0.173611 0.049219 0.075000
