0 0.089844 0.411806 0.165625 0.237500
0 0.136719 0.262500 0.084375 0.133333
0 0.214062 0.287500 0.093750 0.163889
0 0.255078 0.265972 0.078906 0.162500
0 0.326172 0.204167 0.057031 0.094444
0 0.410937 0.334722 0.112500 0.183333
0 0.417578 0.204861 0.066406 0.093056
0 0.478516 0.248611 0.074219 0.127778
0 0.520312 0.191667 0.059375 0.080556
0 0.562891 0.263194 0.091406 0.154167
0 0.656641 0.263889 0.102344 0.163889
0 0.692578 0.514583 0.216406 0.376389
0 0.843750 0.411111 0.179688 0.300000
0 0.792578 0.290278 0.132031 0.222222
0 0.780859 0.166667 0.047656 0.083333
0 0.914844 0.163194 0.051562 0.095833
0 0.958203 0.168056 0.057031 0.086111
