0 0.054688 0.428472 0.109375 0.331944
0 0.044531 0.218056 0.062500 0.105556
0 0.178516 0.398611 0.153906 0.258333
0 0.214844 0.260417 0.075000 0.126389
0 0.283594 0.270833 0.087500 0.161111
0 0.392578 0.191667 0.052344 0.086111
0 0.483594 0.320833 0.103125 0.172222
0 0.480078 0.205556 0.067969 0.097222
0 0.539453 0.240278 0.075781 0.144444
0 0.583594 0.199306 0.057813 0.101389
0 0.628125 0.261111 0.093750 0.172222
0 0.722266 0.265278 0.102344 0.180556
0 0.766406 0.508333 0.220313 0.355556
0 0.919531 0.422222 0.160938 0.319444
0 0.854688 0.290278 0.106250 0.200000
0 0.839453 0.166667 0.044531 0.083333
0 0.980859 0.175694 0.038281 0.112500
