0 0.065234 0.431250 0.130469 0.348611
0 0.196094 0.403472 0.142188 0.306944
0 0.058984 0.209722 0.083594 0.105556
0 0.154297 0.272917 0.088281 0.123611
0 0.239063 0.254861 0.081250 0.148611
0 0.303125 0.280556 0.073437 0.144444
0 0.348828 0.250000 0.066406 0.127778
0 0.408203 0.203472 0.050781 0.093056
0 0.495703 0.327778 0.114844 0.222222
0 0.500000 0.188194 0.060938 0.112500
0 0.564453 0.245833 0.069531 0.127778
0 0.596875 0.195833 0.054688 0.097222
0 0.653516 0.270833 0.091406 0.152778
0 0.746094 0.262500 0.089062 0.161111
0 0.786719 0.525694 0.218750 0.370833
0 0.934375 0.422917 0.131250 0.301389
0 0.876953 0.292361 0.121094 0.184722
0 0.862109 0.169444 0.053906 0.077778
