0 0.077734 0.425000 0.155469 0.297222
0 0.246875 0.402083 0.153125 0.231944
0 0.109766 0.213194 0.071094 0.098611
0 0.272266 0.265278 0.078906 0.138889
0 0.348828 0.276389 0.091406 0.169444
0 0.442578 0.198611 0.047656 0.105556
0 0.528516 0.338889 0.124219 0.186111
0 0.539453 0.206250 0.063281 0.109722
0 0.596094 0.245139 0.071875 0.109722
0 0.686719 0.268750 0.089062 0.156944
0 0.785156 0.277083 0.101562 0.151389
0 0.831641 0.531944 0.236719 0.377778
0 0.898438 0.175694 0.043750 0.084722
0 0.916406 0.284028 0.089062 0.156944
0 0.949219 0.441667 0.101562 0.297222
