0 0.026563 0.390278 0.053125 0.344444
0 0.112891 0.435417 0.175781 0.326389
0 0.268359 0.417361 0.164844 0.259722
0 0.129297 0.220833 0.082031 0.122222
0 0.289844 0.256944 0.076563 0.133333
0 0.360938 0.272222 0.096875 0.155556
0 0.458594 0.200694 0.062500 0.095833
0 0.549609 0.322917 0.119531 0.179167
0 0.552734 0.200000 0.050781 0.091667
0 0.616016 0.240278 0.075781 0.108333
0 0.658984 0.197222 0.060156 0.097222
0 0.713281 0.276389 0.087500 0.150000
0 0.801172 0.271528 0.097656 0.148611
0 0.914844 0.172917 0.051562 0.104167
0 0.939062 0.295139 0.104687 0.165278
0 0.961328 0.447222 0.077344 0.311111
0 0.848828 0.535417 0.232031 0.384722
