0 0.044922 0.378472 0.089844 0.376389
0 0.133984 0.409028 0.180469 0.306944
0 0.288672 0.416667 0.139844 0.269444
0 0.144922 0.214583 0.064844 0.109722
0 0.323828 0.249306 0.078906 0.140278
0 0.386328 0.276389 0.074219 0.163889
0 0.428516 0.257639 0.074219 0.123611
0 0.475391 0.186806 0.042969 0.081944
0 0.566797 0.352778 0.108594 0.225000
0 0.567187 0.206250 0.064062 0.095833
0 0.637109 0.242361 0.080469 0.115278
0 0.730469 0.270139 0.082813 0.181944
0 0.671875 0.195833 0.060938 0.094444
0 0.823047 0.275694 0.089844 0.181944
0 0.942187 0.181250 0.062500 0.095833
0 0.955078 0.300694 0.089844 0.187500
0 0.876562 0.556944 0.239063 0.377778
