0 0.073047 0.412500 0.132031 0.230556
0 0.192969 0.411806 0.159375 0.237500
0 0.339063 0.396528 0.132812 0.231944
0 0.427734 0.272222 0.075781 0.130556
0 0.512500 0.195139 0.048437 0.087500
0 0.196875 0.198611 0.051562 0.083333
0 0.608203 0.331250 0.107031 0.184722
0 0.612500 0.198611 0.056250 0.091667
0 0.674609 0.247917 0.066406 0.131944
0 0.766016 0.271528 0.096094 0.173611
0 0.861719 0.282639 0.095312 0.170833
0 0.978125 0.176389 0.043750 0.075000
0 0.973828 0.299306 0.052344 0.162500
0 0.899219 0.539583 0.201562 0.373611
