0 0.039062 0.276389 0.076563 0.150000
0 0.154297 0.402083 0.130469 0.204167
0 0.271875 0.423611 0.146875 0.247222
0 0.415625 0.401389 0.126563 0.225000
0 0.162109 0.277083 0.105469 0.148611
0 0.271484 0.186111 0.063281 0.066667
0 0.489453 0.267361 0.082031 0.140278
0 0.579687 0.190278 0.062500 0.083333
0 0.681641 0.336111 0.121094 0.169444
0 0.674609 0.211806 0.055469 0.098611
0 0.738281 0.245139 0.084375 0.129167
0 0.834375 0.285417 0.090625 0.156944
0 0.935938 0.290972 0.110937 0.143056
0 0.929297 0.552778 0.141406 0.369444
