0 0.024609 0.388194 0.049219 0.215278
0 0.062109 0.277083 0.096094 0.137500
0 0.173047 0.406250 0.121094 0.223611
0 0.287891 0.409722 0.125781 0.236111
0 0.282031 0.198611 0.054688 0.091667
0 0.430469 0.399306 0.134375 0.193056
0 0.386719 0.271528 0.082813 0.115278
0 0.503906 0.279167 0.089062 0.144444
0 0.592578 0.190972 0.050781 0.076389
0 0.691016 0.343056 0.130469 0.188889
0 0.694531 0.219444 0.070312 0.100000
0 0.765234 0.245139 0.072656 0.129167
0 0.845312 0.280556 0.095312 0.166667
0 0.947266 0.283333 0.083594 0.161111
0 0.949609 0.585417 0.100781 0.381944
