0 0.042969 0.395139 0.085938 0.265278
0 0.091406 0.260417 0.084375 0.151389
0 0.208203 0.395833 0.130469 0.213889
0 0.315625 0.405556 0.143750 0.222222
0 0.458594 0.411111 0.125000 0.227778
0 0.321875 0.210417 0.051562 0.104167
0 0.531250 0.284722 0.092188 0.147222
0 0.628125 0.205556 0.059375 0.102778
0 0.726172 0.349306 0.113281 0.195833
0 0.727344 0.206944 0.056250 0.094444
0 0.790234 0.252083 0.075781 0.143056
0 0.884766 0.295139 0.086719 0.154167
0 0.962891 0.293056 0.074219 0.169444
0 0.952344 0.584028 0.095312 0.406944
