0 0.053516 0.395139 0.107031 0.234722
0 0.114063 0.277083 0.075000 0.137500
0 0.219141 0.407639 0.121094 0.231944
0 0.221875 0.279167 0.084375 0.147222
0 0.332422 0.418750 0.135156 0.240278
0 0.339844 0.199306 0.065625 0.120833
0 0.473437 0.408333 0.117188 0.222222
0 0.422656 0.281250 0.092188 0.118056
0 0.546094 0.280556 0.081250 0.161111
0 0.651172 0.210417 0.063281 0.118056
0 0.735937 0.351389 0.115625 0.216667
0 0.735156 0.215972 0.054688 0.093056
0 0.800781 0.256944 0.075000 0.136111
0 0.900000 0.305556 0.106250 0.177778
0 0.970312 0.286806 0.059375 0.159722
0 0.956250 0.587500 0.087500 0.366667
