0 0.047656 0.400000 0.093750 0.236111
0 0.114844 0.281944 0.093750 0.138889
0 0.224219 0.409028 0.135937 0.206944
0 0.224609 0.279167 0.107031 0.136111
0 0.333594 0.202083 0.050000 0.073611
0 0.333594 0.402778 0.137500 0.255556
0 0.472266 0.409722 0.122656 0.230556
0 0.547656 0.281944 0.089062 0.138889
0 0.646484 0.205556 0.067969 0.097222
0 0.743750 0.358333 0.114063 0.191667
0 0.732813 0.216667 0.067188 0.105556
0 0.802734 0.265972 0.082031 0.140278
0 0.896875 0.295139 0.104687 0.176389
0 0.972266 0.312500 0.055469 0.188889
0 0.961328 0.615972 0.077344 0.395833
