0 0.059766 0.388194 0.119531 0.226389
0 0.132422 0.265278 0.080469 0.119444
0 0.236328 0.402083 0.132031 0.204167
0 0.336719 0.426389 0.140625 0.225000
0 0.490234 0.398611 0.127344 0.211111
0 0.343359 0.203472 0.063281 0.093056
0 0.244141 0.277083 0.092969 0.115278
0 0.564453 0.286111 0.077344 0.150000
0 0.658594 0.200694 0.051562 0.065278
0 0.748438 0.354861 0.118750 0.212500
0 0.746484 0.209722 0.063281 0.105556
0 0.813281 0.264583 0.090625 0.156944
0 0.852734 0.201389 0.053906 0.111111
0 0.918359 0.304167 0.092969 0.172222
0 0.981250 0.308333 0.037500 0.141667
0 0.953516 0.586806 0.092969 0.329167
