0 0.070312 0.397917 0.140625 0.223611
0 0.150781 0.268750 0.092188 0.115278
0 0.249609 0.397222 0.121094 0.219444
0 0.259766 0.288194 0.086719 0.140278
0 0.359375 0.427778 0.140625 0.244444
0 0.492188 0.406250 0.117188 0.223611
0 0.358984 0.205556 0.061719 0.097222
0 0.448828 0.306944 0.091406 0.136111
0 0.515625 0.265972 0.064062 0.131944
0 0.582812 0.295139 0.076563 0.126389
0 0.670313 0.202083 0.065625 0.084722
0 0.767187 0.351389 0.117188 0.183333
0 0.759375 0.214583 0.054688 0.115278
0 0.833203 0.270833 0.074219 0.141667
0 0.868359 0.212500 0.061719 0.105556
0 0.930078 0.305556 0.082031 0.186111
