0 0.090234 0.392361 0.142969 0.206944
0 0.164844 0.269444 0.081250 0.133333
0 0.271875 0.405556 0.100000 0.227778
0 0.273828 0.272917 0.105469 0.129167
0 0.373828 0.416667 0.141406 0.227778
0 0.500781 0.397222 0.104687 0.241667
0 0.379687 0.199306 0.076563 0.090278
0 0.472266 0.285417 0.077344 0.143056
0 0.531250 0.263889 0.057813 0.133333
0 0.590234 0.284722 0.072656 0.133333
0 0.689844 0.209722 0.054688 0.091667
0 0.782422 0.368056 0.113281 0.172222
0 0.785156 0.228472 0.057813 0.106944
0 0.842969 0.274306 0.082813 0.115278
0 0.896094 0.213194 0.064062 0.087500
0 0.950391 0.325694 0.099219 0.184722
