0 0.089062 0.392361 0.126563 0.229167
0 0.159766 0.265278 0.111719 0.150000
0 0.267578 0.396528 0.124219 0.243056
0 0.367188 0.427083 0.145313 0.248611
0 0.376172 0.199306 0.055469 0.090278
0 0.271094 0.290278 0.098438 0.155556
0 0.517187 0.404167 0.139062 0.219444
0 0.471875 0.296528 0.087500 0.145833
0 0.531250 0.258333 0.081250 0.155556
0 0.591406 0.284722 0.076563 0.130556
0 0.691016 0.199306 0.046094 0.090278
0 0.778516 0.371528 0.099219 0.187500
0 0.786719 0.232639 0.065625 0.112500
0 0.847266 0.280556 0.072656 0.122222
0 0.889453 0.213889 0.053906 0.113889
0 0.942578 0.309028 0.105469 0.148611
