0 0.100000 0.377083 0.126563 0.220833
0 0.175000 0.265278 0.075000 0.161111
0 0.286328 0.391667 0.110156 0.250000
0 0.285547 0.281944 0.083594 0.138889
0 0.383984 0.429861 0.111719 0.259722
0 0.392188 0.212500 0.062500 0.097222
0 0.523828 0.408333 0.138281 0.197222
0 0.487109 0.297222 0.096094 0.150000
0 0.545313 0.255556 0.065625 0.138889
0 0.600000 0.282639 0.087500 0.137500
0 0.643750 0.269444 0.078125 0.161111
0 0.702344 0.196528 0.053125 0.109722
0 0.791797 0.368056 0.111719 0.202778
0 0.797656 0.230556 0.057813 0.100000
0 0.857422 0.281944 0.074219 0.150000
0 0.898047 0.215972 0.060156 0.093056
0 0.955078 0.303472 0.089844 0.201389
