0 0.099219 0.392361 0.131250 0.220833
0 0.175781 0.263889 0.081250 0.122222
0 0.281641 0.390278 0.111719 0.225000
0 0.277734 0.275000 0.103906 0.122222
0 0.391016 0.411111 0.146094 0.258333
0 0.386719 0.209722 0.051562 0.102778
0 0.515625 0.395833 0.139062 0.225000
0 0.490625 0.281944 0.082813 0.100000
0 0.549219 0.250000 0.068750 0.138889
0 0.612500 0.291667 0.081250 0.161111
0 0.697656 0.199306 0.056250 0.070833
0 0.797266 0.371528 0.116406 0.204167
0 0.791406 0.225694 0.075000 0.112500
0 0.864453 0.273611 0.066406 0.125000
0 0.900000 0.217361 0.051562 0.104167
0 0.951953 0.313194 0.096094 0.181944
