0 0.130078 0.372222 0.135156 0.213889
0 0.075000 0.334722 0.104687 0.177778
0 0.208984 0.266667 0.085156 0.138889
0 0.312500 0.397917 0.109375 0.206944
0 0.311719 0.272917 0.090625 0.118056
0 0.414453 0.413194 0.114844 0.229167
0 0.416797 0.210417 0.052344 0.101389
0 0.550000 0.416667 0.118750 0.227778
0 0.505859 0.295139 0.091406 0.145833
0 0.637891 0.289583 0.078906 0.120833
0 0.730469 0.209722 0.057813 0.102778
0 0.819141 0.364583 0.121094 0.198611
0 0.821484 0.225694 0.063281 0.123611
0 0.893359 0.268750 0.080469 0.134722
0 0.933203 0.219444 0.044531 0.086111
0 0.969922 0.315972 0.060156 0.198611
