0 0.148047 0.376389 0.122656 0.233333
0 0.225781 0.264583 0.076563 0.129167
0 0.319922 0.262500 0.080469 0.113889
0 0.330859 0.389583 0.119531 0.223611
0 0.436719 0.413889 0.126563 0.238889
0 0.557031 0.406944 0.125000 0.247222
0 0.432422 0.211806 0.066406 0.098611
0 0.583203 0.265278 0.072656 0.138889
0 0.649219 0.278472 0.076563 0.154167
0 0.743359 0.197917 0.075781 0.104167
0 0.828125 0.366667 0.117188 0.213889
0 0.836328 0.221528 0.067969 0.118056
0 0.900000 0.279167 0.070312 0.133333
0 0.973047 0.327083 0.053906 0.156944
0 0.938281 0.221528 0.054688 0.118056
