0 0.168750 0.372917 0.118750 0.201389
0 0.236719 0.262500 0.078125 0.122222
0 0.340625 0.272917 0.081250 0.140278
0 0.331250 0.387500 0.117188 0.188889
0 0.440625 0.405556 0.137500 0.233333
0 0.444141 0.207639 0.063281 0.095833
0 0.567969 0.395833 0.135937 0.227778
0 0.543750 0.279167 0.076563 0.133333
0 0.605469 0.245833 0.056250 0.138889
0 0.668359 0.290278 0.096094 0.141667
0 0.759766 0.213889 0.061719 0.111111
0 0.853906 0.378472 0.110937 0.223611
0 0.855078 0.229167 0.072656 0.119444
0 0.915234 0.272222 0.082031 0.116667
0 0.957422 0.228472 0.050781 0.095833
