0 0.055078 0.575000 0.110156 0.380556
0 0.232422 0.370833 0.128906 0.208333
0 0.297656 0.262500 0.087500 0.125000
0 0.396484 0.270833 0.077344 0.116667
0 0.405078 0.386111 0.117969 0.208333
0 0.498437 0.408333 0.118750 0.219444
0 0.494141 0.194444 0.049219 0.102778
0 0.632422 0.395139 0.119531 0.218056
0 0.587500 0.300694 0.090625 0.143056
0 0.712891 0.290278 0.071094 0.136111
0 0.807813 0.210417 0.059375 0.090278
0 0.898438 0.372917 0.120312 0.195833
0 0.908594 0.241667 0.087500 0.122222
0 0.967188 0.289583 0.065625 0.143056
