0 0.061328 0.569444 0.122656 0.413889
0 0.251563 0.361806 0.120312 0.193056
0 0.168750 0.249306 0.073437 0.098611
0 0.193359 0.345139 0.094531 0.187500
0 0.308594 0.258333 0.078125 0.133333
0 0.405859 0.271528 0.067969 0.115278
0 0.416797 0.375694 0.094531 0.201389
0 0.515625 0.401389 0.126563 0.225000
0 0.506641 0.204167 0.058594 0.091667
0 0.644531 0.399306 0.128125 0.215278
0 0.595312 0.290278 0.084375 0.122222
0 0.721875 0.294444 0.082813 0.144444
0 0.770703 0.287500 0.063281 0.111111
0 0.827734 0.219444 0.069531 0.102778
0 0.921875 0.379167 0.115625 0.202778
0 0.923437 0.242361 0.057813 0.126389
