0 0.080469 0.547917 0.160938 0.359722
0 0.278516 0.343750 0.114844 0.187500
0 0.227344 0.327778 0.101562 0.180556
0 0.215234 0.262500 0.102344 0.122222
0 0.338281 0.243750 0.081250 0.140278
0 0.433984 0.268056 0.078906 0.136111
0 0.444141 0.367361 0.122656 0.212500
0 0.532031 0.402778 0.135937 0.241667
0 0.530469 0.201389 0.065625 0.094444
0 0.671484 0.399306 0.127344 0.204167
0 0.635547 0.289583 0.100781 0.145833
0 0.697266 0.261111 0.063281 0.163889
0 0.747656 0.295139 0.079687 0.154167
0 0.788281 0.281944 0.064062 0.130556
0 0.849219 0.213889 0.051562 0.102778
0 0.945703 0.392361 0.108594 0.206944
0 0.956250 0.257639 0.073437 0.134722
