0 0.082422 0.550694 0.164844 0.379167
0 0.276953 0.345139 0.128906 0.198611
0 0.346094 0.236111 0.073437 0.122222
0 0.439844 0.377083 0.115625 0.229167
0 0.439844 0.272917 0.090625 0.140278
0 0.543750 0.387500 0.123438 0.208333
0 0.530469 0.198611 0.054688 0.069444
0 0.675391 0.405556 0.125781 0.225000
0 0.622656 0.284722 0.087500 0.133333
0 0.630859 0.193056 0.069531 0.100000
0 0.690234 0.244444 0.060156 0.108333
0 0.751172 0.294444 0.072656 0.125000
0 0.850000 0.228472 0.060938 0.093056
0 0.944922 0.379861 0.110156 0.198611
0 0.946875 0.243056 0.073437 0.113889
