0 0.092578 0.531250 0.185156 0.381944
0 0.300391 0.345833 0.113281 0.194444
0 0.232812 0.235417 0.081250 0.112500
0 0.249219 0.326389 0.103125 0.188889
0 0.363672 0.241667 0.086719 0.141667
0 0.460156 0.261806 0.082813 0.118056
0 0.455469 0.368056 0.123438 0.211111
0 0.560156 0.390278 0.128125 0.216667
0 0.553906 0.193056 0.065625 0.125000
0 0.694141 0.397917 0.111719 0.220833
0 0.776172 0.297917 0.080469 0.137500
0 0.871484 0.230556 0.061719 0.111111
0 0.973047 0.253472 0.053906 0.118056
0 0.958203 0.375694 0.083594 0.190278
