0 0.250391 0.550000 0.172656 0.280556
0 0.390625 0.297222 0.071875 0.105556
0 0.408203 0.372917 0.088281 0.170833
0 0.449219 0.402778 0.100000 0.166667
0 0.506641 0.302778 0.058594 0.119444
0 0.597266 0.343750 0.075781 0.104167
0 0.593359 0.440278 0.107031 0.197222
0 0.683984 0.487500 0.122656 0.230556
0 0.695312 0.275694 0.051562 0.106944
0 0.817578 0.502083 0.133594 0.215278
0 0.790625 0.403472 0.106250 0.165278
0 0.920313 0.411111 0.084375 0.150000
0 0.852344 0.372222 0.075000 0.144444
0 0.969922 0.403472 0.060156 0.145833
