0 0.247266 0.549306 0.185156 0.295833
0 0.386328 0.291667 0.067969 0.119444
0 0.395312 0.372222 0.093750 0.177778
0 0.443750 0.396528 0.100000 0.176389
0 0.497266 0.306250 0.066406 0.115278
0 0.590234 0.335417 0.071094 0.120833
0 0.590234 0.443750 0.107031 0.195833
0 0.673047 0.488194 0.107031 0.198611
0 0.689062 0.277083 0.057813 0.084722
0 0.813672 0.500000 0.133594 0.188889
0 0.774609 0.373611 0.085156 0.127778
0 0.910547 0.412500 0.083594 0.138889
0 0.959375 0.390972 0.065625 0.101389
0 0.842578 0.361111 0.064844 0.102778
