0 0.237891 0.545833 0.177344 0.311111
0 0.375781 0.294444 0.078125 0.133333
0 0.395312 0.378472 0.093750 0.159722
0 0.433984 0.404861 0.099219 0.170833
0 0.492188 0.302778 0.075000 0.130556
0 0.580469 0.329167 0.071875 0.127778
0 0.585938 0.436806 0.110937 0.162500
0 0.665234 0.486111 0.121094 0.191667
0 0.683984 0.270833 0.058594 0.086111
0 0.799219 0.495139 0.114063 0.209722
0 0.769531 0.386111 0.098438 0.155556
0 0.896484 0.398611 0.075781 0.144444
0 0.944141 0.385417 0.069531 0.151389
0 0.832031 0.370139 0.071875 0.120833
