0 0.196875 0.613889 0.187500 0.305556
0 0.335547 0.294444 0.072656 0.111111
0 0.387109 0.416667 0.107031 0.180556
0 0.461328 0.320139 0.075781 0.129167
0 0.548828 0.338889 0.085156 0.116667
0 0.550781 0.461806 0.104687 0.195833
0 0.630078 0.514583 0.110156 0.234722
0 0.647656 0.267361 0.053125 0.095833
0 0.762109 0.523611 0.113281 0.216667
0 0.729688 0.392361 0.076563 0.126389
0 0.732813 0.313194 0.051562 0.098611
0 0.790625 0.368750 0.064062 0.134722
0 0.855078 0.418750 0.083594 0.148611
0 0.962891 0.335417 0.055469 0.095833
