0 0.193359 0.623611 0.199219 0.313889
0 0.330078 0.304167 0.072656 0.136111
0 0.351172 0.402083 0.096094 0.176389
0 0.395312 0.426389 0.101562 0.158333
0 0.451562 0.322222 0.075000 0.138889
0 0.539062 0.349306 0.076563 0.137500
0 0.542188 0.462500 0.109375 0.186111
0 0.630078 0.525000 0.130469 0.216667
0 0.635156 0.275000 0.051562 0.105556
0 0.757031 0.531250 0.121875 0.223611
0 0.726172 0.393056 0.077344 0.141667
0 0.735937 0.322222 0.065625 0.094444
0 0.785156 0.382639 0.056250 0.112500
0 0.860156 0.416667 0.092188 0.113889
0 0.970703 0.334028 0.058594 0.090278
