0 0.185547 0.632639 0.180469 0.329167
0 0.309375 0.298611 0.084375 0.127778
0 0.333984 0.395833 0.102344 0.175000
0 0.383203 0.428472 0.092969 0.162500
0 0.435937 0.305556 0.071875 0.113889
0 0.528125 0.347222 0.075000 0.122222
0 0.536719 0.477083 0.112500 0.198611
0 0.619531 0.510417 0.129688 0.223611
0 0.623828 0.268750 0.052344 0.098611
0 0.758203 0.529167 0.114844 0.227778
0 0.717969 0.393750 0.078125 0.118056
0 0.775000 0.368056 0.060938 0.125000
0 0.844531 0.404861 0.073437 0.126389
0 0.950781 0.327083 0.067188 0.087500
