0 0.173047 0.674306 0.216406 0.326389
0 0.289062 0.300000 0.076563 0.125000
0 0.318750 0.385417 0.090625 0.170833
0 0.362500 0.439583 0.106250 0.179167
0 0.410156 0.310417 0.075000 0.140278
0 0.509375 0.343750 0.085938 0.118056
0 0.530469 0.477083 0.112500 0.212500
0 0.614453 0.522917 0.121094 0.209722
0 0.596484 0.254861 0.050781 0.095833
0 0.691406 0.388194 0.087500 0.137500
0 0.751953 0.536806 0.113281 0.215278
0 0.685938 0.292361 0.048437 0.087500
0 0.752344 0.365972 0.065625 0.118056
0 0.816406 0.409028 0.090625 0.151389
0 0.906641 0.309722 0.049219 0.091667
