0 0.167187 0.675694 0.207813 0.354167
0 0.277734 0.281944 0.077344 0.127778
0 0.314453 0.395833 0.110156 0.180556
0 0.355859 0.434028 0.105469 0.181944
0 0.402734 0.296528 0.072656 0.140278
0 0.507422 0.342361 0.072656 0.126389
0 0.522266 0.477083 0.117969 0.218056
0 0.612109 0.512500 0.116406 0.194444
0 0.591016 0.257639 0.053906 0.093056
0 0.690625 0.390972 0.087500 0.129167
0 0.744531 0.533333 0.125000 0.222222
0 0.748828 0.356250 0.066406 0.118056
0 0.679297 0.296528 0.075781 0.087500
0 0.816016 0.395139 0.086719 0.115278
0 0.905078 0.307639 0.064844 0.090278
