0 0.168750 0.692361 0.214062 0.362500
0 0.265234 0.286806 0.064844 0.131944
0 0.303516 0.402778 0.096094 0.163889
0 0.349609 0.440278 0.107031 0.180556
0 0.392969 0.292361 0.073437 0.120833
0 0.496094 0.341667 0.082813 0.138889
0 0.517578 0.470139 0.111719 0.204167
0 0.618359 0.526389 0.135156 0.238889
0 0.744922 0.531944 0.111719 0.197222
0 0.570703 0.242361 0.057031 0.093056
0 0.682813 0.377083 0.075000 0.123611
0 0.802734 0.393750 0.082031 0.126389
0 0.885938 0.291667 0.064062 0.091667
0 0.978516 0.339583 0.042969 0.101389
0 0.976953 0.518750 0.046094 0.190278
0 0.664062 0.289583 0.060938 0.095833
