0 0.173828 0.696528 0.230469 0.373611
0 0.259375 0.284722 0.079687 0.138889
0 0.292578 0.393750 0.103906 0.195833
0 0.351172 0.429861 0.113281 0.201389
0 0.384766 0.297222 0.067969 0.130556
0 0.484375 0.331944 0.073437 0.125000
0 0.518359 0.475694 0.113281 0.187500
0 0.617188 0.505556 0.129688 0.255556
0 0.560938 0.240278 0.050000 0.100000
0 0.657031 0.280556 0.065625 0.105556
0 0.675000 0.370833 0.092188 0.155556
0 0.744141 0.525694 0.124219 0.245833
0 0.731641 0.349306 0.064844 0.140278
0 0.801172 0.389583 0.078906 0.131944
0 0.875781 0.292361 0.050000 0.081944
0 0.976562 0.343750 0.046875 0.131944
0 0.974609 0.529861 0.050781 0.187500
