0 0.180469 0.706944 0.231250 0.419444
0 0.247266 0.277778 0.092969 0.136111
0 0.296094 0.387500 0.115625 0.219444
0 0.351953 0.423611 0.103906 0.205556
0 0.378125 0.278472 0.073437 0.165278
0 0.485938 0.322222 0.075000 0.152778
0 0.522266 0.480556 0.130469 0.236111
0 0.623438 0.523611 0.132812 0.258333
0 0.556250 0.237500 0.059375 0.075000
0 0.650781 0.275000 0.079687 0.100000
0 0.671484 0.356944 0.086719 0.133333
0 0.750391 0.515972 0.142969 0.237500
0 0.793359 0.370833 0.082031 0.133333
0 0.872266 0.287500 0.060156 0.091667
0 0.975391 0.339583 0.049219 0.106944
0 0.973828 0.524306 0.052344 0.176389
