0 0.188672 0.725000 0.242969 0.425000
0 0.239453 0.275694 0.082031 0.126389
0 0.288672 0.388889 0.121094 0.200000
0 0.346094 0.431944 0.114063 0.227778
0 0.370313 0.285417 0.082813 0.134722
0 0.475000 0.329861 0.089062 0.145833
0 0.523828 0.472222 0.124219 0.236111
0 0.546094 0.225000 0.053125 0.091667
0 0.626172 0.505556 0.125781 0.261111
0 0.641016 0.279861 0.055469 0.129167
0 0.665625 0.355556 0.093750 0.133333
0 0.753516 0.534028 0.125781 0.220833
0 0.793750 0.370833 0.085938 0.138889
0 0.862891 0.284722 0.064844 0.116667
0 0.958203 0.327083 0.071094 0.126389
0 0.975781 0.515278 0.048437 0.200000
