0 0.187109 0.730556 0.217969 0.408333
0 0.230078 0.277083 0.074219 0.148611
0 0.285937 0.396528 0.110937 0.206944
0 0.341016 0.432639 0.107031 0.209722
0 0.363281 0.283333 0.073437 0.111111
0 0.471094 0.320833 0.075000 0.125000
0 0.516406 0.459722 0.110937 0.230556
0 0.539453 0.222917 0.046094 0.098611
0 0.625391 0.511111 0.136719 0.272222
0 0.607422 0.209028 0.035156 0.073611
0 0.632812 0.275000 0.062500 0.100000
0 0.668750 0.354167 0.060938 0.119444
0 0.757031 0.540278 0.123438 0.227778
0 0.719141 0.329861 0.064844 0.120833
0 0.784766 0.375000 0.077344 0.133333
0 0.840234 0.265278 0.049219 0.097222
0 0.950000 0.332639 0.056250 0.104167
0 0.975391 0.513889 0.049219 0.227778
