0 0.189453 0.737500 0.238281 0.422222
0 0.222266 0.282639 0.094531 0.159722
0 0.281641 0.388194 0.100781 0.195833
0 0.341016 0.436806 0.116406 0.193056
0 0.353906 0.275694 0.075000 0.129167
0 0.463672 0.327778 0.086719 0.141667
0 0.515625 0.465972 0.143750 0.231944
0 0.628516 0.524306 0.127344 0.209722
0 0.517969 0.209028 0.043750 0.070833
0 0.657812 0.356944 0.087500 0.144444
0 0.629297 0.277083 0.064844 0.098611
0 0.708984 0.327083 0.071094 0.115278
0 0.753125 0.522222 0.132812 0.219444
0 0.778125 0.363194 0.081250 0.134722
0 0.840625 0.268056 0.051562 0.097222
0 0.945703 0.315972 0.060156 0.104167
0 0.977734 0.510417 0.044531 0.190278
