0 0.203125 0.283333 0.090625 0.141667
0 0.224609 0.802778 0.264844 0.391667
0 0.265625 0.410417 0.106250 0.220833
0 0.344922 0.461806 0.127344 0.223611
0 0.335156 0.273611 0.070312 0.127778
0 0.451562 0.329167 0.089062 0.155556
0 0.529297 0.492361 0.124219 0.218056
0 0.502734 0.208333 0.061719 0.091667
0 0.646094 0.530556 0.142188 0.255556
0 0.783203 0.547917 0.132031 0.248611
0 0.578516 0.191667 0.050781 0.083333
0 0.606641 0.249306 0.055469 0.098611
0 0.652734 0.347917 0.096094 0.156944
0 0.680078 0.252083 0.049219 0.106944
0 0.702344 0.320139 0.067188 0.101389
0 0.778906 0.372222 0.082813 0.138889
0 0.818359 0.254167 0.038281 0.083333
0 0.920703 0.307639 0.055469 0.106944
0 0.974219 0.296528 0.051562 0.093056
0 0.976172 0.526389 0.047656 0.180556
