0 0.245312 0.821528 0.310937 0.354167
0 0.190234 0.287500 0.094531 0.158333
0 0.266016 0.414583 0.119531 0.223611
0 0.335547 0.447222 0.122656 0.211111
0 0.324219 0.284028 0.081250 0.129167
0 0.446484 0.324306 0.089844 0.148611
0 0.486719 0.198611 0.046875 0.097222
0 0.566016 0.198611 0.036719 0.088889
0 0.594922 0.209028 0.035156 0.059722
0 0.605859 0.265972 0.066406 0.101389
0 0.533203 0.488889 0.125781 0.250000
0 0.657812 0.531250 0.135937 0.259722
0 0.785547 0.547917 0.136719 0.240278
0 0.651172 0.360417 0.082031 0.148611
0 0.691016 0.306250 0.050781 0.112500
0 0.673047 0.254861 0.067969 0.090278
0 0.766406 0.359028 0.085938 0.134722
0 0.805469 0.240278 0.056250 0.075000
0 0.921094 0.307639 0.062500 0.095833
0 0.962109 0.302778 0.055469 0.100000
0 0.978516 0.532639 0.042969 0.198611
