0 0.253516 0.829861 0.314844 0.337500
0 0.184766 0.294444 0.097656 0.183333
0 0.270312 0.434722 0.121875 0.208333
0 0.342578 0.470139 0.130469 0.259722
0 0.324219 0.287500 0.085938 0.147222
0 0.444141 0.325694 0.086719 0.145833
0 0.482422 0.202778 0.055469 0.097222
0 0.534766 0.477083 0.117969 0.254167
0 0.655469 0.555556 0.143750 0.300000
0 0.790625 0.556944 0.128125 0.244444
0 0.597656 0.258333 0.065625 0.111111
0 0.553906 0.197222 0.046875 0.086111
0 0.640625 0.354861 0.095312 0.131944
0 0.666406 0.260417 0.060938 0.090278
0 0.685156 0.327778 0.087500 0.116667
0 0.767578 0.366667 0.092969 0.155556
0 0.799609 0.247222 0.061719 0.088889
0 0.907031 0.298611 0.068750 0.091667
0 0.953516 0.297917 0.057031 0.076389
