0 0.289453 0.864583 0.289844 0.259722
0 0.165625 0.296528 0.098438 0.162500
0 0.263281 0.447222 0.114063 0.244444
0 0.348047 0.481250 0.127344 0.240278
0 0.306250 0.281250 0.078125 0.134722
0 0.438672 0.330556 0.083594 0.138889
0 0.460938 0.190278 0.060938 0.100000
0 0.542969 0.513194 0.140625 0.262500
0 0.675781 0.552083 0.140625 0.281944
0 0.800391 0.561111 0.133594 0.227778
0 0.539844 0.192361 0.037500 0.087500
0 0.583984 0.262500 0.063281 0.102778
0 0.652734 0.256250 0.046094 0.081944
0 0.640625 0.354861 0.089062 0.137500
0 0.763672 0.373611 0.088281 0.144444
0 0.780469 0.234722 0.057813 0.086111
0 0.897656 0.292361 0.057813 0.104167
0 0.948438 0.290972 0.050000 0.090278
