0 0.153125 0.295139 0.106250 0.170833
0 0.336719 0.879167 0.292188 0.238889
0 0.269531 0.456944 0.135937 0.230556
0 0.352344 0.515278 0.134375 0.233333
0 0.289062 0.277083 0.090625 0.156944
0 0.430078 0.327778 0.091406 0.166667
0 0.446875 0.193056 0.051562 0.097222
0 0.527344 0.182639 0.040625 0.087500
0 0.570312 0.256250 0.071875 0.106944
0 0.559766 0.521528 0.142969 0.231944
0 0.690234 0.598611 0.139844 0.247222
0 0.823828 0.563889 0.122656 0.225000
0 0.641797 0.361806 0.099219 0.134722
0 0.639453 0.255556 0.058594 0.105556
0 0.756250 0.344444 0.092188 0.147222
0 0.760938 0.221528 0.060938 0.095833
0 0.879297 0.277083 0.057031 0.098611
0 0.924219 0.275000 0.059375 0.119444
0 0.975000 0.283333 0.050000 0.111111
0 0.975000 0.381944 0.050000 0.127778
