0 0.335547 0.858333 0.282031 0.280556
0 0.155859 0.295139 0.097656 0.159722
0 0.269531 0.461806 0.134375 0.223611
0 0.348828 0.484028 0.130469 0.231944
0 0.294922 0.284028 0.096094 0.140278
0 0.428125 0.327083 0.087500 0.137500
0 0.444531 0.188889 0.050000 0.091667
0 0.522656 0.172222 0.048437 0.086111
0 0.555078 0.188889 0.049219 0.088889
0 0.566016 0.248611 0.071094 0.125000
0 0.559375 0.512500 0.134375 0.250000
0 0.690234 0.584722 0.163281 0.247222
0 0.818359 0.566667 0.147656 0.241667
0 0.642578 0.376389 0.107031 0.163889
0 0.634766 0.249306 0.071094 0.112500
0 0.669531 0.307639 0.081250 0.134722
0 0.755469 0.360417 0.093750 0.159722
0 0.761328 0.231250 0.061719 0.095833
0 0.881641 0.277778 0.052344 0.094444
0 0.923828 0.264583 0.057031 0.098611
0 0.971094 0.275000 0.057813 0.119444
0 0.973047 0.370833 0.053906 0.116667
