0 0.151562 0.293056 0.104687 0.163889
0 0.289844 0.276389 0.085938 0.150000
0 0.265625 0.452778 0.142188 0.216667
0 0.350391 0.493750 0.138281 0.240278
0 0.426172 0.327083 0.094531 0.173611
0 0.436719 0.184028 0.046875 0.106944
0 0.374219 0.885417 0.307813 0.226389
0 0.561719 0.504861 0.131250 0.279167
0 0.514063 0.179861 0.042188 0.095833
0 0.542969 0.174306 0.045313 0.081944
0 0.562109 0.243056 0.066406 0.105556
0 0.633594 0.235417 0.051562 0.101389
0 0.643750 0.357639 0.081250 0.140278
0 0.698047 0.570139 0.147656 0.270833
0 0.823438 0.559028 0.131250 0.248611
0 0.759766 0.350000 0.089844 0.141667
0 0.745313 0.202083 0.070312 0.106944
0 0.871484 0.268056 0.061719 0.080556
0 0.917969 0.280556 0.057813 0.111111
0 0.973828 0.272917 0.052344 0.090278
0 0.958594 0.364583 0.082813 0.101389
