0 0.383594 0.882639 0.301562 0.231944
0 0.137109 0.290972 0.102344 0.162500
0 0.283203 0.276389 0.080469 0.147222
0 0.264453 0.452778 0.127344 0.244444
0 0.354688 0.490972 0.140625 0.256944
0 0.419922 0.318750 0.105469 0.179167
0 0.427734 0.181944 0.069531 0.105556
0 0.503516 0.167361 0.052344 0.081944
0 0.536719 0.170139 0.046875 0.093056
0 0.555859 0.238194 0.074219 0.112500
0 0.623828 0.229167 0.061719 0.108333
0 0.667578 0.301389 0.071094 0.116667
0 0.633984 0.348611 0.092969 0.147222
0 0.562500 0.510417 0.142188 0.231944
0 0.700000 0.568056 0.157813 0.244444
0 0.828906 0.548611 0.128125 0.216667
0 0.751953 0.343056 0.077344 0.127778
0 0.739844 0.203472 0.059375 0.090278
0 0.857422 0.254861 0.053906 0.076389
0 0.912891 0.253472 0.061719 0.093056
0 0.964844 0.259722 0.054688 0.088889
0 0.972266 0.369444 0.055469 0.158333
