0 0.388281 0.864583 0.325000 0.268056
0 0.142188 0.286806 0.104687 0.162500
0 0.284375 0.275000 0.089062 0.144444
0 0.263281 0.456250 0.126563 0.220833
0 0.353125 0.490278 0.126563 0.241667
0 0.421094 0.315278 0.098438 0.155556
0 0.428906 0.177083 0.054688 0.095833
0 0.510156 0.175000 0.046875 0.094444
0 0.536719 0.173611 0.056250 0.108333
0 0.553516 0.236806 0.063281 0.106944
0 0.558203 0.503472 0.138281 0.243056
0 0.698047 0.575694 0.166406 0.256944
0 0.823047 0.543056 0.122656 0.227778
0 0.635156 0.359028 0.084375 0.143056
0 0.624219 0.230556 0.064062 0.108333
0 0.753125 0.345139 0.075000 0.156944
0 0.735547 0.202778 0.058594 0.088889
0 0.868359 0.267361 0.055469 0.106944
0 0.913281 0.265278 0.056250 0.108333
0 0.964063 0.263889 0.056250 0.097222
0 0.967188 0.346528 0.065625 0.131944
