0 0.132422 0.295833 0.103906 0.161111
0 0.275781 0.265278 0.098438 0.144444
0 0.263672 0.463889 0.147656 0.230556
0 0.359375 0.498611 0.137500 0.266667
0 0.409375 0.897222 0.289062 0.188889
0 0.420703 0.313194 0.102344 0.159722
0 0.427344 0.172917 0.073437 0.093056
0 0.489062 0.163194 0.040625 0.093056
0 0.524219 0.172222 0.040625 0.088889
0 0.547266 0.229167 0.061719 0.119444
0 0.613672 0.218056 0.049219 0.097222
0 0.651172 0.284028 0.069531 0.118056
0 0.632422 0.362500 0.086719 0.138889
0 0.565234 0.500694 0.138281 0.231944
0 0.698047 0.580556 0.158594 0.238889
0 0.822656 0.546528 0.132812 0.212500
0 0.746484 0.336111 0.086719 0.161111
0 0.727734 0.207639 0.052344 0.104167
0 0.855469 0.257639 0.065625 0.112500
0 0.896094 0.259722 0.057813 0.108333
0 0.933203 0.185417 0.025781 0.054167
0 0.951563 0.251389 0.068750 0.094444
0 0.965625 0.351389 0.068750 0.122222
