0 0.123438 0.278472 0.120312 0.159722
0 0.269922 0.261806 0.089844 0.140278
0 0.268359 0.450000 0.144531 0.247222
0 0.358594 0.497917 0.139062 0.243056
0 0.428906 0.893750 0.285937 0.209722
0 0.412109 0.313889 0.102344 0.172222
0 0.411719 0.161806 0.057813 0.106944
0 0.483203 0.152083 0.041406 0.095833
0 0.515625 0.164583 0.042188 0.079167
0 0.535937 0.211806 0.070312 0.112500
0 0.570703 0.496528 0.128906 0.234722
0 0.707422 0.563889 0.152344 0.255556
0 0.832031 0.531250 0.118750 0.234722
0 0.627344 0.343750 0.100000 0.154167
0 0.612500 0.215278 0.067188 0.113889
0 0.738672 0.323611 0.086719 0.158333
0 0.727734 0.206944 0.061719 0.097222
0 0.841016 0.245833 0.049219 0.086111
0 0.882812 0.239583 0.054688 0.095833
0 0.938281 0.234722 0.075000 0.102778
0 0.964844 0.336111 0.070312 0.108333
0 0.983594 0.485417 0.032812 0.173611
