0 0.121094 0.288194 0.104687 0.170833
0 0.261719 0.261806 0.084375 0.154167
0 0.264453 0.445833 0.138281 0.258333
0 0.358203 0.487500 0.141406 0.250000
0 0.407422 0.314583 0.097656 0.168056
0 0.396875 0.157639 0.051562 0.101389
0 0.473437 0.151389 0.056250 0.086111
0 0.508984 0.147917 0.047656 0.070833
0 0.533203 0.225000 0.064844 0.119444
0 0.568359 0.502778 0.125781 0.247222
0 0.440234 0.897222 0.291406 0.202778
0 0.597266 0.210417 0.053906 0.090278
0 0.619141 0.318056 0.088281 0.158333
0 0.719531 0.566667 0.157813 0.294444
0 0.708594 0.186806 0.043750 0.079167
0 0.743359 0.316667 0.088281 0.144444
0 0.846094 0.516667 0.120312 0.241667
0 0.837500 0.247917 0.062500 0.106944
0 0.880469 0.231944 0.056250 0.105556
0 0.940234 0.241667 0.066406 0.108333
0 0.950391 0.323611 0.069531 0.111111
0 0.975781 0.459028 0.048437 0.126389
