0 0.098828 0.268056 0.116406 0.175000
0 0.244922 0.259722 0.099219 0.161111
0 0.260547 0.449306 0.146094 0.248611
0 0.367188 0.483333 0.145313 0.247222
0 0.391016 0.281944 0.094531 0.161111
0 0.373047 0.145833 0.053906 0.097222
0 0.519141 0.892361 0.280469 0.212500
0 0.447266 0.129167 0.039844 0.080556
0 0.479297 0.130556 0.044531 0.088889
0 0.508984 0.185417 0.072656 0.112500
0 0.578125 0.191667 0.056250 0.108333
0 0.571484 0.486111 0.127344 0.263889
0 0.614844 0.313889 0.067188 0.147222
0 0.685156 0.164583 0.060938 0.081944
0 0.718359 0.300000 0.086719 0.155556
0 0.728906 0.537500 0.150000 0.277778
0 0.837109 0.494444 0.114844 0.230556
0 0.803906 0.206250 0.059375 0.093056
0 0.845703 0.201389 0.052344 0.116667
0 0.895703 0.209028 0.058594 0.109722
0 0.935547 0.306250 0.083594 0.129167
0 0.974609 0.446528 0.050781 0.181944
