0 0.094141 0.272917 0.107031 0.187500
0 0.524609 0.901389 0.289844 0.194444
0 0.242969 0.238889 0.078125 0.158333
0 0.260156 0.444444 0.142188 0.266667
0 0.362500 0.489583 0.146875 0.276389
0 0.390234 0.290278 0.088281 0.161111
0 0.371094 0.138889 0.062500 0.086111
0 0.442187 0.126389 0.045313 0.100000
0 0.476953 0.131944 0.052344 0.097222
0 0.507812 0.197222 0.071875 0.119444
0 0.573047 0.192361 0.055469 0.109722
0 0.625781 0.259028 0.071875 0.120833
0 0.608984 0.308333 0.091406 0.144444
0 0.573828 0.480556 0.138281 0.258333
0 0.720703 0.536111 0.160156 0.263889
0 0.835938 0.506944 0.114063 0.227778
0 0.719531 0.309028 0.079687 0.134722
0 0.678516 0.156250 0.064844 0.112500
0 0.803906 0.207639 0.046875 0.098611
0 0.840625 0.201389 0.053125 0.102778
0 0.875781 0.140972 0.029687 0.045833
0 0.890625 0.210417 0.065625 0.106944
0 0.937891 0.295833 0.083594 0.133333
0 0.976172 0.447917 0.047656 0.173611
