0 0.534766 0.904861 0.294531 0.181944
0 0.084375 0.270139 0.110937 0.179167
0 0.238672 0.239583 0.089844 0.137500
0 0.256641 0.442361 0.133594 0.256944
0 0.361719 0.488194 0.145313 0.265278
0 0.387500 0.288889 0.093750 0.147222
0 0.357812 0.138889 0.057813 0.091667
0 0.434375 0.123611 0.042188 0.086111
0 0.464844 0.131944 0.048437 0.083333
0 0.499609 0.193750 0.061719 0.115278
0 0.566406 0.187500 0.064062 0.100000
0 0.576953 0.480556 0.135156 0.250000
0 0.607813 0.299306 0.073437 0.168056
0 0.673437 0.157639 0.048437 0.104167
0 0.719141 0.290972 0.085156 0.154167
0 0.717578 0.529861 0.130469 0.265278
0 0.835156 0.505556 0.134375 0.222222
0 0.797266 0.203472 0.060156 0.093056
0 0.929688 0.285417 0.082813 0.120833
0 0.974219 0.429167 0.051562 0.169444
0 0.844531 0.197222 0.050000 0.086111
