0 0.088672 0.281944 0.117969 0.186111
0 0.238281 0.252083 0.087500 0.145833
0 0.260938 0.440972 0.139062 0.234722
0 0.355078 0.478472 0.153906 0.256944
0 0.527734 0.892361 0.302344 0.212500
0 0.389844 0.286806 0.098438 0.159722
0 0.358984 0.131944 0.067969 0.100000
0 0.432422 0.118750 0.038281 0.084722
0 0.466016 0.134722 0.049219 0.077778
0 0.494922 0.190278 0.069531 0.113889
0 0.560938 0.186806 0.057813 0.095833
0 0.575391 0.483333 0.144531 0.241667
0 0.604688 0.298611 0.085938 0.152778
0 0.631641 0.247917 0.085156 0.134722
0 0.669531 0.156944 0.043750 0.086111
0 0.717969 0.279167 0.087500 0.152778
0 0.726953 0.543750 0.147656 0.268056
0 0.839453 0.481944 0.146094 0.247222
0 0.804297 0.198611 0.053906 0.086111
0 0.842188 0.184722 0.053125 0.100000
0 0.891406 0.200694 0.051562 0.079167
0 0.933594 0.293750 0.089062 0.143056
0 0.964063 0.432639 0.071875 0.179167
