0 0.065234 0.265278 0.103906 0.169444
0 0.218750 0.236806 0.096875 0.151389
0 0.255859 0.432639 0.135156 0.237500
0 0.358984 0.470139 0.142969 0.251389
0 0.371875 0.266667 0.101562 0.175000
0 0.328516 0.113194 0.064844 0.101389
0 0.401172 0.097917 0.042969 0.084722
0 0.440625 0.112500 0.051562 0.088889
0 0.476953 0.167361 0.064844 0.137500
0 0.542969 0.170139 0.060938 0.104167
0 0.579297 0.459028 0.136719 0.265278
0 0.590234 0.277778 0.091406 0.169444
0 0.644922 0.134722 0.050781 0.091667
0 0.705469 0.263889 0.073437 0.127778
0 0.692578 0.436806 0.139844 0.204167
0 0.730078 0.531944 0.144531 0.238889
0 0.826953 0.475000 0.124219 0.227778
0 0.606250 0.895139 0.334375 0.206944
0 0.768359 0.172222 0.049219 0.091667
0 0.858984 0.179861 0.061719 0.081944
0 0.908594 0.266667 0.089062 0.119444
0 0.965234 0.397917 0.069531 0.154167
0 0.808203 0.172222 0.052344 0.094444
0 0.823438 0.103472 0.040625 0.051389
