0 0.058594 0.256250 0.117188 0.206944
0 0.201172 0.220139 0.099219 0.156944
0 0.253125 0.417361 0.143750 0.265278
0 0.363281 0.443056 0.146875 0.250000
0 0.361328 0.246528 0.089844 0.159722
0 0.312500 0.093056 0.060938 0.080556
0 0.380469 0.084722 0.043750 0.088889
0 0.416406 0.098611 0.048437 0.080556
0 0.462109 0.147222 0.063281 0.122222
0 0.527734 0.150000 0.061719 0.113889
0 0.621484 0.119444 0.052344 0.102778
0 0.582422 0.254167 0.088281 0.147222
0 0.687500 0.254167 0.096875 0.144444
0 0.578516 0.442361 0.144531 0.248611
0 0.729297 0.492361 0.167969 0.293056
0 0.829687 0.445833 0.118750 0.219444
0 0.751172 0.152083 0.055469 0.084722
0 0.837891 0.151389 0.063281 0.102778
0 0.886328 0.236111 0.096094 0.122222
0 0.958594 0.365972 0.082813 0.204167
0 0.628906 0.889583 0.328125 0.218056
