0 0.054297 0.244444 0.108594 0.188889
0 0.201172 0.218750 0.089844 0.151389
0 0.251172 0.413889 0.135156 0.247222
0 0.359766 0.447917 0.141406 0.245833
0 0.358984 0.256250 0.096094 0.156944
0 0.308203 0.096528 0.055469 0.081944
0 0.384375 0.084028 0.051562 0.068056
0 0.422266 0.086806 0.058594 0.084722
0 0.457031 0.145139 0.070312 0.104167
0 0.525000 0.133333 0.067188 0.091667
0 0.619922 0.100000 0.067969 0.080556
0 0.584375 0.250694 0.082813 0.151389
0 0.684766 0.250694 0.089844 0.126389
0 0.569531 0.436111 0.146875 0.233333
0 0.724219 0.484722 0.151562 0.236111
0 0.825000 0.444444 0.121875 0.241667
0 0.753906 0.147917 0.054688 0.095833
0 0.792188 0.147222 0.051562 0.080556
0 0.803516 0.080556 0.039844 0.061111
0 0.836719 0.139583 0.048437 0.095833
0 0.884375 0.233333 0.085938 0.127778
0 0.957422 0.355556 0.085156 0.186111
0 0.607813 0.880556 0.320312 0.236111
