0 0.039844 0.216667 0.079687 0.194444
0 0.179688 0.202778 0.100000 0.183333
0 0.275391 0.075000 0.067969 0.102778
0 0.353516 0.065972 0.057031 0.101389
0 0.392578 0.072222 0.047656 0.100000
0 0.433203 0.127083 0.057031 0.104167
0 0.346875 0.229167 0.101562 0.180556
0 0.243359 0.399306 0.158594 0.270833
0 0.356641 0.433333 0.161719 0.319444
0 0.501562 0.119444 0.056250 0.100000
0 0.593359 0.082639 0.047656 0.093056
0 0.562500 0.220139 0.075000 0.143056
0 0.665625 0.209028 0.076563 0.151389
0 0.563672 0.400694 0.133594 0.243056
0 0.726562 0.430556 0.139062 0.261111
0 0.660156 0.838889 0.331250 0.319444
0 0.719922 0.120139 0.047656 0.084722
0 0.761328 0.115972 0.050781 0.109722
0 0.806250 0.111111 0.053125 0.100000
0 0.767578 0.067361 0.027344 0.059722
0 0.862500 0.199306 0.087500 0.131944
0 0.828516 0.405556 0.136719 0.219444
0 0.948047 0.326389 0.103906 0.205556
