0 0.042578 0.216667 0.085156 0.197222
0 0.170312 0.193056 0.103125 0.161111
0 0.268359 0.068750 0.057031 0.098611
0 0.342969 0.046528 0.042188 0.079167
0 0.376953 0.057639 0.049219 0.090278
0 0.424219 0.109722 0.060938 0.125000
0 0.492578 0.105556 0.058594 0.111111
0 0.331641 0.205556 0.105469 0.152778
0 0.241797 0.384028 0.133594 0.245833
0 0.366797 0.427083 0.155469 0.284722
0 0.582812 0.075000 0.048437 0.086111
0 0.557422 0.213889 0.080469 0.122222
0 0.655469 0.198611 0.096875 0.130556
0 0.568359 0.396528 0.147656 0.251389
0 0.718359 0.437500 0.158594 0.313889
0 0.817187 0.390278 0.121875 0.233333
0 0.714453 0.109722 0.060156 0.097222
0 0.798047 0.111806 0.063281 0.098611
0 0.848437 0.184028 0.090625 0.112500
0 0.939844 0.311111 0.120312 0.200000
0 0.676172 0.845139 0.342969 0.306944
