0 0.037891 0.215278 0.075781 0.216667
0 0.162891 0.188889 0.102344 0.166667
0 0.270312 0.061111 0.060938 0.083333
0 0.335156 0.056250 0.042188 0.073611
0 0.379687 0.060417 0.056250 0.079167
0 0.423828 0.107639 0.074219 0.101389
0 0.491406 0.104167 0.059375 0.102778
0 0.336328 0.211806 0.099219 0.154167
0 0.233203 0.372222 0.141406 0.286111
0 0.369141 0.413194 0.157031 0.273611
0 0.687891 0.815972 0.347656 0.365278
0 0.580078 0.066667 0.053906 0.083333
0 0.559375 0.215972 0.093750 0.123611
0 0.660156 0.211806 0.092188 0.129167
0 0.562500 0.388889 0.132812 0.241667
0 0.725000 0.435417 0.150000 0.245833
0 0.714453 0.116667 0.064844 0.102778
0 0.823828 0.387500 0.132031 0.247222
0 0.800781 0.100000 0.053125 0.088889
0 0.852734 0.184028 0.077344 0.120833
0 0.942969 0.310417 0.106250 0.193056
