0 0.047656 0.222917 0.095312 0.229167
0 0.162891 0.172222 0.094531 0.158333
0 0.263281 0.056944 0.071875 0.108333
0 0.330859 0.208333 0.096094 0.158333
0 0.237891 0.363194 0.138281 0.245833
0 0.368750 0.411111 0.181250 0.283333
0 0.328906 0.042361 0.032812 0.076389
0 0.361719 0.047222 0.060938 0.083333
0 0.407031 0.100000 0.070312 0.122222
0 0.484766 0.100694 0.072656 0.106944
0 0.569531 0.073611 0.057813 0.083333
0 0.554297 0.207639 0.094531 0.151389
0 0.656250 0.193750 0.107813 0.145833
0 0.568359 0.375000 0.135156 0.233333
0 0.719141 0.421528 0.160156 0.234722
0 0.707422 0.095139 0.066406 0.076389
0 0.841797 0.150000 0.082031 0.130556
0 0.787109 0.090972 0.071094 0.093056
0 0.827734 0.366667 0.125781 0.211111
0 0.940234 0.293056 0.119531 0.150000
0 0.704297 0.833333 0.360156 0.330556
