0 0.702344 0.816667 0.329688 0.344444
0 0.033203 0.221528 0.066406 0.195833
0 0.161328 0.175694 0.105469 0.168056
0 0.232422 0.358333 0.133594 0.261111
0 0.356250 0.406944 0.145313 0.283333
0 0.330078 0.209722 0.111719 0.183333
0 0.251953 0.054861 0.064844 0.101389
0 0.321875 0.040278 0.046875 0.080556
0 0.364453 0.050694 0.053906 0.084722
0 0.405469 0.094444 0.064062 0.113889
0 0.473047 0.098611 0.063281 0.097222
0 0.566797 0.054861 0.064844 0.095833
0 0.548828 0.214583 0.097656 0.143056
0 0.648828 0.184028 0.085156 0.129167
0 0.567578 0.386806 0.136719 0.245833
0 0.723437 0.414583 0.153125 0.262500
0 0.697656 0.087500 0.065625 0.102778
0 0.780859 0.090278 0.064844 0.091667
0 0.831250 0.168056 0.089062 0.116667
0 0.931250 0.282639 0.125000 0.220833
0 0.809766 0.345139 0.125781 0.209722
0 0.978516 0.075694 0.042969 0.098611
