0 0.025000 0.217361 0.050000 0.206944
0 0.145703 0.175000 0.108594 0.180556
0 0.239453 0.039583 0.058594 0.079167
0 0.227734 0.365278 0.147656 0.266667
0 0.319141 0.200694 0.116406 0.170833
0 0.403516 0.097222 0.077344 0.122222
0 0.467187 0.088194 0.064062 0.129167
0 0.359375 0.402083 0.154687 0.284722
0 0.353516 0.044444 0.050781 0.088889
0 0.559375 0.048611 0.043750 0.083333
0 0.543750 0.194444 0.085938 0.169444
0 0.640234 0.184028 0.089844 0.151389
0 0.562500 0.375694 0.132812 0.245833
0 0.722656 0.410417 0.132812 0.259722
0 0.689453 0.077778 0.049219 0.088889
0 0.810156 0.351389 0.118750 0.225000
0 0.773438 0.080556 0.050000 0.097222
0 0.821094 0.150694 0.060938 0.123611
0 0.928516 0.267361 0.108594 0.176389
0 0.700000 0.838194 0.312500 0.320833
