0 0.030859 0.215278 0.061719 0.194444
0 0.142188 0.169444 0.093750 0.183333
0 0.233594 0.046528 0.064062 0.093056
0 0.230078 0.375694 0.146094 0.265278
0 0.320703 0.203472 0.110156 0.165278
0 0.354688 0.404167 0.145313 0.272222
0 0.306250 0.038194 0.045313 0.076389
0 0.343750 0.038194 0.042188 0.076389
0 0.392969 0.095139 0.071875 0.118056
0 0.460547 0.087500 0.066406 0.105556
0 0.551562 0.047222 0.056250 0.094444
0 0.530469 0.174306 0.095312 0.156944
0 0.558984 0.361806 0.128906 0.245833
0 0.633594 0.172222 0.084375 0.158333
0 0.678516 0.075000 0.046094 0.094444
0 0.720703 0.393056 0.139844 0.286111
0 0.720703 0.834028 0.296094 0.298611
0 0.767969 0.072917 0.062500 0.095833
0 0.816797 0.147917 0.061719 0.101389
0 0.804688 0.343056 0.101562 0.230556
0 0.920703 0.256944 0.108594 0.191667
0 0.958984 0.059722 0.039844 0.080556
