0 0.022656 0.229167 0.045313 0.194444
0 0.733984 0.838889 0.338281 0.319444
0 0.129688 0.168750 0.109375 0.148611
0 0.221875 0.044444 0.059375 0.086111
0 0.230469 0.383333 0.145313 0.305556
0 0.306250 0.195139 0.096875 0.145833
0 0.350000 0.396528 0.148438 0.273611
0 0.384375 0.084722 0.062500 0.113889
0 0.454297 0.074306 0.049219 0.106944
0 0.539844 0.034028 0.039062 0.068056
0 0.530469 0.196528 0.082813 0.156944
0 0.614844 0.156944 0.070312 0.133333
0 0.558203 0.379861 0.149219 0.259722
0 0.712500 0.409722 0.139062 0.261111
0 0.674609 0.069444 0.060156 0.088889
0 0.789062 0.343056 0.114063 0.236111
0 0.819531 0.127083 0.078125 0.131944
0 0.768359 0.074306 0.086719 0.115278
0 0.908594 0.262500 0.110937 0.188889
0 0.946875 0.038889 0.035937 0.050000
0 0.957812 0.192361 0.081250 0.151389
