0 0.127344 0.180556 0.098438 0.175000
0 0.222266 0.388194 0.146094 0.281944
0 0.297656 0.186806 0.104687 0.140278
0 0.212891 0.040278 0.057031 0.080556
0 0.326562 0.033333 0.046875 0.052778
0 0.371875 0.082639 0.059375 0.098611
0 0.444922 0.077778 0.060156 0.113889
0 0.346094 0.415972 0.153125 0.273611
0 0.554688 0.375000 0.120312 0.233333
0 0.524219 0.183333 0.095312 0.138889
0 0.537500 0.029861 0.057813 0.059722
0 0.624609 0.166667 0.086719 0.141667
0 0.706250 0.401389 0.153125 0.241667
0 0.658984 0.054167 0.049219 0.069444
0 0.693750 0.043750 0.050000 0.076389
0 0.749219 0.048611 0.043750 0.069444
0 0.794531 0.141667 0.065625 0.122222
0 0.811328 0.338889 0.141406 0.244444
0 0.899219 0.242361 0.117188 0.143056
0 0.938281 0.036111 0.042188 0.058333
0 0.945312 0.176389 0.082813 0.136111
0 0.746875 0.845833 0.326562 0.305556
